"H1"||"H"||1||0|||15|||||0|0|0|0|0|0|100|100|100|100|100|100|85|90|95|60|67.5|75||43|||4.2|||5.8|||7.6|||13.3|||12.1|||39.5||||||||15|17.5|20||||3|4.5|6||||1.25|1.33|1.4|||||1.39|||4|23|42|0.14|0.16|0.17|||||29.7|||14.9|||45||0|1.5|2.9|25|27.5|30|5|7.5|10|0|3|6|".24"|".24"|0|0|0|0|0|0|0|0|0|0|0|0|10|17.5|25|||||||6.6|7.2|7.8|||||||||||||||||||||||||||||||||"12126327"|"34649932"
"H2"||"H"||2||15|||79|||||0|0|0|0|0|0|100|100|100|100|100|100|90|95|100|60|67.5|75||33.2|||3|||4.2|||5.7|||10.4|||9.9|||36.3||||||||27|30.5|34||||1|2|3||||1.25|1.33|1.4|||||1.52|||1.411|3|4.233|0.17|0.19|0.2|||||32.1|||18.6|||46||3|4.5|5.9|30|35|40|10|15|20|3|8|14|".28"|".28"|0|1|2|0|0|0|0|0|0|0|0|0|15|20|25|||||||7.4|7.6|7.8|||||||||||||||||||||||||||||||||"12126327"|"34649933"
"H3"||"H"||3||79|||152|||||0|0|0|0|0|0|100|100|100|100|100|100|80|87.5|95|60|67.5|75||44.3|||4.3|||5.9|||7.9|||13.7|||12.5|||40.7||||||||10|15|20||||0.5|0.75|1||||1.25|1.33|1.4|||||1.39|||4|23|42|0.14|0.16|0.17|||||24.8|||8.9|||47||0|1.5|2.9|20|22.5|25|0|2.5|5|0|0|2|".37"|".37"|5|10|15|0|0|0|0|0|0|0|0|0|4|9.5|15|||||||7.9|8.2|8.4|||||||||||||||||||||||||||||||||"12126327"|"34649934"
"Ap"||"A"|||0|0|0|18|22|31|20|22|31|0|0|0|0|0|0|100|100|100|100|100|100|77|82|89|33|40|49|55|68|75|2|2.6|5|9.3|10.7|15|15.5|17.8|21|21|23.6|28|11|13.3|18|7|19|38||11|||8||7|13|18|0|0|0|1.1|2.8|4||||1.45|1.53|1.6||||1.51|1.59|1.67||14.11|28|42.34|0.1|0.11|0.12||||15.7|21.6|25.1|6.1|12.4|17.2|36|38|41|0|1.3|3|20|30|37|3|8|12|0|0|3|".15"|".15"|0|0|0|0|0|0|0|0|0|0|1|2|6.5|11.7|15.9||||6.4|12.5|16.4|6|7|7.3|6.1|6.5|7.3|||||||1|3|6.7|||||||||||||||||||||"12126445"|"34650072"
"Bt1"||"B"||1|18|22|31|35|52|67|4|30|49|0|0|0|0|0|0|100|100|100|100|100|100|75|79|85|39|44|51|55|63|70|2|3.7|5|10|13|15|14|17.8|20|15|16.9|22|9|11.6|14|10|18|30||10|||8||15|19|28|0|0|0|1.1|1.8|3||||1.25|1.38|1.5||||1.34|1.47|1.51||14.11|16|42.34|0.1|0.12|0.13||||19.7|22.3|26.8|10.1|13.3|19.9|40|44|49|0|2.1|3|27|33|44|9|12|19|0|2|6|".24"|".24"|0|0|0|0|0|0|0|0|0|0|1|2|12.9|16.2|23.5||||12.8|16.7|23.5|6.6|7.2|7.8|6.1|6.7|7.3|||||||0.4|2.6|5.5|||||||||||||||||||||"12126445"|"34650073"
"2Bt2"|2|"B"||2|35|52|67|70|88|105|3|36|70|0|0|0|0|0|0|93|96|100|87|94|100|72|87|100|49|63|79|33|39|55|0.5|1.3|1.5|2|4.9|6|3|7.7|9|9|14.1|16|10|11|25|11|33|49||21|||12||18|28|34|0|2|5|1.1|1.25|2||||1.25|1.33|1.4||||1.39|1.47|1.59||1.41|3|4.23|0.15|0.17|0.21||||25.1|30.2|33.7|10.6|16.6|21.3|41|45|49|3|3.4|6|30|40|48|10|18|24|2|9|19|".32"|".32"|0|4|10|0|0|0|0|0|0|0|1|2|15.1|21.2|23.8||||15.7|21.2|23.8|7.4|7.9|8.4|7.4|7.6|7.8|||||||0|1.1|3|||||||||||||||||||||"12126445"|"34650074"
"2C"|2|"C"|||70|88|105|200|200|200|95|112|130|0|0|0|0|0|0|90|95|100|83|91|100|65|79|95|38|51|68|40|50|66|0.5|1.1|1.5|5|8.7|12|8|12.4|14|11|16.5|18|7|11.3|25|9|31|47||11|||20||13|19|25|2|5|7|0|0.25|0.75||||1.25|1.43|1.6||||1.31|1.49|1.66||4.23|6|14.11|0.08|0.15|0.17||||20.9|25.5|29.9|6.7|10.6|15.3|34|41|50|0|1.3|3|21|28|36|5|10|16|0|2|9|".32"|".32"|5|9|14|0|0|0|0|0|0|0|1|2|8.3|11.4|14.9||||8.3|11.4|14.9|7.4|7.9|8.4|7.4|7.6|7.8|||||||0|0|1.6|||||||||||||||||||||"12126445"|"34650075"
"ACg"||"AC"|||10|25|35|35|38|50|0|13|40|0|0|0|0|0|0|100|100|100|100|100|100|91|94|99|11|13|17|89|95|95|0|0|1|0|1|5|10|18|22|57|62|68|10|14|20|1|1|8.5||0.6|||0.4||2|4|4|0|0|0|0.5|0.75|1.1||||1.6|1.7|1.8||||1.62|1.72|1.86|2.64|42|92|141|0.06|0.07|0.08|12.8|14.9|15.4|8.6|11.2|11.8|2.4|4.4|5|30|34|37|0|0.4|3|0|17|19|0|1|2|0|0|0|".02"|".02"|0|0|0|0|0|0|0|0|0|0|1|2|2.4|4.4|4.5||||1.9|4.3|12.5|5.6|6.7|7.8|5.6|6.1|6.5|||||||0|2.3|5.5|||||||||||||||||||||"12126446"|"34650076"
"Cg"||"C"|||35|38|50|200|200|200|150|162|165|0|0|0|0|0|0|100|100|100|100|100|100|91|94|99|11|13|17|89|95|95|0|0|1|0|1|5|10|18|22|57|62|68|10|14|20|1|1|8.5||0.6|||0.4||2|4|4|0|0|0|0|0.25|0.5||||1.6|1.7|1.8||||1.62|1.72|1.86|2.65|42|92|141|0.05|0.06|0.07|11.4|14.1|14.6|7.1|10.2|10.7|1.6|3.5|4|30|34|38|0|0.3|3|0|16|18|0|1|2|0|0|0|".02"|".02"|0|0|0|0|0|0|0|0|0|0|1|2|1.6|3.1|3.1||||1.4|3|11.1|5.6|6.7|7.8|5.6|6.1|6.5|||||||0|2|5.1|||||||||||||||||||||"12126446"|"34650077"
"Ap"||"A"|||0|0|0|10|25|35|10|25|35|0|0|0|0|0|0|100|100|100|100|100|100|84|91|99|36|46|55|50|64|80|0|0|1|3|5|8|10|14|18|23|28|33|12|17|22|7|27|45||15|||12||5|9|15|0|0|0|4|6|8||||1.3|1.4|1.5||||1.33|1.43|1.53|2.56|14|28|42|0.16|0.17|0.18||||18.3|22.6|26.8|8.6|13.7|19.9|39|43|47|0|0.6|3|25|33|44|2|5|9|0|0|4|".20"|".20"|0|0|0|0|0|0|0|0|0|0|1|2|6.3|10.4|16.1||||4.9|10.2|24.1|5.6|6.7|7.8|5.6|6.1|6.5|||||||0.6|4.8|9.2|||||||||||||||||||||"12126446"|"34650078"
"Ap"||"A"|||0|0|0|9|15|25|9|15|25|0|0|0|0|0|0|100|100|100|100|100|100|74|77|80|37|39|45|53|67|67|2|4.4|4.4|12|14.3|14.3|14|17.7|17.7|16|19.8|19.9|9|10.8|11|19|19|33||13|||6||8|14|16|0|0|0|1.1|1.25|2||||1.48|1.52|1.56||||1.54|1.58|1.66|2.61|14.11|28|42.34|0.09|0.1|0.11||||16.4|20.2|22.1|6.7|10.7|13.1|38|40|41|0|1.4|3|21|27|31|4|9|10|0|0|1|".17"|".17"|0|0|0|0|0|0|0|0|0|0|0.5|2|7.3|12.1|13.9||||7.2|12.9|14.6|6.6|7|7.6|6|6.5|7|||||||0.3|2.5|4.1|||||||||||||||||||||"12126447"|"34650079"
"Bt1"||"B"||1|9|15|25|23|30|43|14|15|34|0|0|0|0|0|0|100|100|100|100|100|100|83|86|89|44|48|51|52|57|63|1|1.2|1.6|7|7.6|8|18|20.2|21|17|18.3|21|9|9.7|11.4|12|18|23||12|||6||18|25|27|0|0|0|1.1|1.15|1.25||||1.41|1.51|1.61||||1.56|1.66|1.8|2.63|4.23|6|14.11|0.08|0.11|0.12||||22.1|25.2|26.1|13|17.4|18.8|37|40|44|3|3.3|6|31|37|41|12|17|19|1|4|6|".20"|".20"|0|0|0|0|0|0|0|0|0|0|0.5|2|15.1|20.4|21.9||||15|20.6|22|6.6|7.2|7.6|6|6.6|7|||||||1.2|2.9|4.7|||||||||||||||||||||"12126447"|"34650080"
"Bt2"||"B"||2|23|30|43|39|48|58|16|18|35|0|0|0|0|0|0|100|100|100|100|100|100|83|86|89|44|48|51|52|57|63|1|1.2|1.6|7|7.6|8|18|20.2|21|17|18.3|21|9|9.7|11.4|12|18|23||12|||6||18|25|27|0|1|1|0.4|0.48|0.75||||1.41|1.51|1.61||||1.55|1.65|1.8|2.64|4.23|6|14.11|0.08|0.11|0.12||||21.3|24.6|25.7|12|16.5|18.1|37|41|44|0|3|6|28|36|40|11|17|19|1|4|6|".20"|".20"|1|1|3|0|0|0|0|0|0|0|0.5|2|14.6|19|20.8||||15.2|19.3|21|6.6|7.4|7.6|6|6.9|7|||||||0.9|1.9|4.4|||||||||||||||||||||"12126447"|"34650081"
"Bk"||"B"|||39|48|58|76|89|129|37|41|71|0|0|0|0|0|0|100|100|100|100|100|100|82|84|87|41|44|49|56|62|68|1|2|3|7|9|10|20|21|23|19|20|21|9|10|11|12|15|24||10|||5||20|23|28|2|4|5|0.2|0.22|0.5||||1.37|1.48|1.6||||1.47|1.58|1.62|2.64|4.23|6|14.11|0.09|0.11|0.12||||21.9|23.3|25.6|12.7|14.6|18.1|37|42|46|0|2.1|3|28|32|38|11|14|18|1|2|5|".20"|".20"|5|8|10|0|0|0|0|0|1|0|0.5|2|14.2|14.9|18.3||||14.2|14.9|18.3|7.9|8.2|9|7.6|7.7|8.2|||||||0|0|0.5|||||||||||||||||||||"12126447"|"34650082"
"C"||"C"|||76|89|129|200|200|200|71|111|124|0|0|0|0|0|0|100|100|100|100|100|100|68|74|84|23|27|33|66|75|81|2|5|5.5|13|14|15.5|14|28|29|22|24|55|3|4|5|3|11|25||7|||4||9|14|16|2|4|5|0.1|0.1|0.15||||1.51|1.62|1.73||||1.55|1.66|1.77|2.64|14.11|28|42.34|0.09|0.1|0.11||||15.9|19.3|20.6|6.3|9.7|11.1|33|37|41|0|0.9|3|18|23|27|3|7|10|0|0|0|".15"|".15"|5|8|10|0|0|0|0|0|1|0|0.5|2|5.9|8.1|9||||5.9|8.1|9|7.9|8.2|9|7.6|7.7|8.2|||||||0|0|0|||||||||||||||||||||"12126447"|"34650083"
"H1"||"H"||1||0|||28|||||0|0|0|0|0|0|95|97.5|100|75|87.5|100|50|62.5|75|15|27.5|40||84.3|||1.1|||12.2|||26.6|||32.1|||12.3|||9.2||||||||3|6.5|10||||2|3|4||||1.5|1.55|1.6|||||1.63|||42|92|141|0.08|0.1|0.12||21.4|||16.9|||7.9|||33||0|1.5|2.9||||0|0|0|0|0|0|".10"|".10"|0|0|0|0|0|0|0|0|0|0|0|0|5|10|15|||||||6.6|7.2|7.8|||||||||||||||||||||||||||||||||"12126378"|"34649989"
"H2"||"H"||2||28|||48|||||0|0|0|0|0|0|95|97.5|100|75|87.5|100|50|67.5|85|30|42.5|55||66.8|||4.4|||14.3|||17.7|||19.8|||10.6|||19.2||||||||10|14|18||||1|1.5|2||||1.4|1.45|1.5|||||1.52|||14.11|28|42.33|0.11|0.13|0.15|||||18.3|||9.4|||37||0|1.5|2.9|15|20|25|0|2.5|5|0|0|0|".20"|".20"|0|0|0|0|0|0|0|0|0|0|0|0|5|10|15|||||||6.6|7.2|7.8|||||||||||||||||||||||||||||||||"12126378"|"34649990"
"H3"||"H"||3||48|||152|||||0|0|0|0|0|0|95|97.5|100|75|87.5|100|40|62.5|85|5|17.5|30||96|||0.7|||13.1|||37.2|||37.8|||7.2|||1.5||||||||0|2.5|5||||0.5|0.75|1||||1.6|1.65|1.7|||||1.73|||42|92|141|0.05|0.09|0.13||12.3|||8.5|||2.6|||31||0|1.5|2.9||||0|0|0|0|0|0|".05"|".05"|0|0|0|0|0|0|0|0|0|0|0|0|1|3|5|||||||6.6|7.2|7.8|||||||||||||||||||||||||||||||||"12126378"|"34649991"
"H1"||"H"||1||0|||25|||||0|0|0|0|0|0|100|100|100|95|97.5|100|90|95|100|70|80|90||11.6|||0.2|||0.4|||0.9|||3.4|||6.7|||69.4||||||||13|19|25||||2|3|4||||1.15|1.23|1.3|||||1.29|||4|23|42|0.18|0.2|0.21|||||27.8|||12.6|||48||0|1.5|2.9|30|32.5|35|5|7.5|10|2|5|9|".37"|".37"|0|0|0|0|0|0|0|0|0|0|0|0|10|17.5|25|||||||6.1|7.3|8.4|||||||||||||||||||||||||||||||||"12126385"|"34649994"
"H2"||"H"||2||25|||76|||||0|0|0|0|0|0|100|100|100|95|97.5|100|90|95|100|85|90|95||6.9|||0.4|||0.6|||0.9|||2.2|||2.8|||62.1||||||||27|31|35||||1|1.5|2||||1.15|1.23|1.3|||||1.29|||4|23|42|0.18|0.2|0.21|||||30.6|||16.7|||49||0|1.5|2.9|30|37.5|45|5|10|15|4|10|17|".37"|".37"|1|6|10|0|0|0|0|0|0|0|0|0|10|17.5|25|||||||6.6|7.5|8.4|||||||||||||||||||||||||||||||||"12126385"|"34649995"
"H3"||"H"||3||76|||152|||||0|0|0|0|0|0|95|97.5|100|95|97.5|100|85|92.5|100|60|75|90||11.2|||0.1|||0.4|||0.9|||3.3|||6.5|||67.3||||||||18|21.5|25||||0.5|0.75|1||||1.25|1.28|1.3|||||1.34|||4|23|42|0.16|0.17|0.18|||||27.1|||11.7|||47||0|1.5|2.9|25|27.5|30|5|7.5|10|0|4|8|".49"|".49"|1|6|10|0|1|2|0|0|0|0|1|2|5|10|15|||||||7.9|8.5|9|||||||||||||||||||||||||||||||||"12126385"|"34649996"
"H1"||"H"||1||0|||10|||||0|0|0|0|0|0|100|100|100|100|100|100|90|95|100|70|80|90||11.2|||0.1|||0.4|||0.9|||3.3|||6.5|||67.3||||||||18|21.5|25||||1|2|3||||1.15|1.23|1.3|||||1.29|||4.233|9|14.11|0.15|0.18|0.2|||||28.1|||12.8|||50||0|1.5|2.9|30|32.5|35|5|7.5|10|2|5|9|".37"|".37"|0|0|0|0|0|0|0|0|0|0|0|0|10|15|20|||||||6.6|7.2|7.8|||||||||||||||||||||||||||||||||"12126386"|"34649997"
"H2"||"H"||2||10|||38|||||0|0|0|0|0|0|100|100|100|100|100|100|90|95|100|70|82.5|95||6.9|||0.4|||0.6|||0.9|||2.2|||2.8|||62.6||||||||26|30.5|35||||0.5|1.25|2||||1.15|1.23|1.3|||||1.4|||1.411|8|14.11|0.15|0.18|0.21|||||30.7|||16.4|||50||3|4.5|5.9|30|37.5|45|5|12.5|20|2|10|21|".37"|".37"|0|0|0|0|0|0|0|0|0|0|0|0|10|17.5|25|||||||6.6|7.2|7.8|||||||||||||||||||||||||||||||||"12126386"|"34649998"
"H3"||"H"||3||38|||152|||||0|0|0|0|0|0|100|100|100|100|100|100|90|95|100|70|80|90||11.2|||0.1|||0.4|||0.9|||3.3|||6.5|||66.8||||||||18|22|26||||0.5|0.75|1||||1.15|1.23|1.3|||||1.29|||4.233|9|14.11|0.15|0.18|0.2|||||27.2|||11.7|||50||0|1.5|2.9|30|32.5|35|5|7.5|10|2|5|9|".49"|".49"|3|9|15|0|0|0|0|0|0|0|0|0|5|12.5|20|||||||7.9|8.2|8.4|||||||||||||||||||||||||||||||||"12126386"|"34649999"
"H1"||"H"||1||0|||15|||||0|0|0|0|0|0|100|100|100|100|100|100|50|62.5|75|15|22.5|30||83.5|||1.1|||12.1|||26.3|||31.8|||12.2|||9||||||||5|7.5|10||||1|1.5|2||||1.45|1.53|1.6|||||1.6|||42|92|141|0.06|0.07|0.08||21.7|||16.5|||6.8|||39||0|1.5|2.9|20|22.5|25|0|2.5|5|0|0|0|".15"|".15"|0|0|0|0|0|0|0|0|0|0|0|0|4|7|10|||||||6.6|7.2|7.8|||||||||||||||||||||||||||||||||"12126401"|"34650011"
"H2"||"H"||2||15|||71|||||0|0|0|0|0|0|100|100|100|100|100|100|60|70|80|30|40|50||67|||4.4|||14.3|||17.8|||19.9|||10.6|||19.5||||||||9|13.5|18||||0.5|0.75|1||||1.35|1.43|1.5|||||1.5|||14.11|28|42.33|0.1|0.13|0.15|||||18.5|||8.7|||43||0|1.5|2.9|20|22.5|25|0|2.5|5|0|0|0|".24"|".24"|0|3|5|0|0|0|0|0|0|0|0|0|5|10|15|||||||6.6|7.2|7.8|||||||||||||||||||||||||||||||||"12126401"|"34650012"
"H3"||"H"||3||71|||152|||||0|0|0|0|0|0|100|100|100|100|100|100|50|65|80|15|32.5|50||66.6|||4.6|||13.5|||16.6|||20|||11.9|||23.4||||||||5|10|15||||0|0.25|0.5||||1.35|1.48|1.6|||||1.55|||14|78|141|0.06|0.1|0.13|||||15.9|||6.3|||41||0|1.5|2.9|20|22.5|25|0|2.5|5|0|0|0|".24"|".24"|5|10|15|0|0|0|0|0|0|0|1|2|1|5.5|10|||||||7.9|8.2|8.4|||||||||||||||||||||||||||||||||"12126401"|"34650013"
"C"||"C"|||69|94|112|203|203|203|91|109|134|0|0|0|0|0|0|100|100|100|95|97|100|88|91|98|11|13|18|85|94|97.5|0|0|2.9|0.1|1.3|15.1|0.7|17.7|45.1|35.5|61.2|65|2.5|13.8|36.8|0.5|2|12.3|||||||2|4|8|0|0|0.5|0|0.2|0.5||||1.52|1.56|1.6||||1.53|1.57|1.61|2.64|42.34|211.5|282|0.04|0.07|0.13|10.8|13.7|16.6|6.7|9.8|13.2|1.4|3.3|6.5|36|38|40|0.1|0.3|0.7|0|16|20|0|1|4|0|0|0|".02"|".02"|0|1|5|0|0|0|0|0|0|0.1|0.1|1.9|2|4|7||||1.9|42.6|46|6.6|7.2|7.8|6|6.7|7.3|||||||0|0.7|2.8|||||||||||||||||||||"12126467"|"34650161"
"Bt1"||"B"||1|9|15|25|23|30|43|14|15|34|0|0|0|0|0|0|100|100|100|100|100|100|83|88|93|47|56|61|52|57|72|2|2.5|6|6|7|11|7|8.1|14|16|17.1|17.1|21|22.3|23.9|1|18|30|||||||18|25|27|1|1|1|0.5|0.6|1||||1.55|1.58|1.6||||1.7|1.73|1.75|2.61|4.23|9.17|42.34|0.1|0.12|0.13||||21.8|25.2|26.4|12.7|17.4|19.3|37|37|39|1.8|3.1|3.5|29|36|39|11|16|18|2|6|8|".28"|".28"|1|1|1|0|0|0|0|0|0|0.1|0.1|1.9|14|19.2|21||||52.6|57.8|60|6.6|7.2|7.6|6|6.6|7|||||||0.8|2.6|4.5|||||||||||||||||||||"12126467"|"34650162"
"Bt2"||"B"||2|23|30|43|39|48|58|16|18|35|0|0|0|0|0|0|100|100|100|92|100|100|75|88|90|45|56|58|52|57|72|2|2.5|6|6|7|11|7|8.1|14|16|17.1|17.1|21|22.3|23.9|1|18|30|||||||18|25|27|1|1|1|0.4|0.48|0.75||||1.57|1.58|1.6||||1.72|1.73|1.74|2.61|4.23|9.17|42.34|0.09|0.12|0.13||||20.7|25.1|26.2|11.9|17.3|19|35|37|38|1.5|3|3.2|28|36|38|10|16|18|1|6|7|".28"|".28"|1|1|3|0|0|0|0|0|0|0.1|0.1|1.9|13.8|19|19.3||||52.4|57.6|58.3|6.6|7.4|7.6|6|6.9|7|||||||0.8|1.9|4.3|||||||||||||||||||||"12126467"|"34650163"
"Ap"||"A"|||0|0|0|9|15|25|9|15|25|0|0|0|0|0|0|100|100|100|100|100|100|74|77|80|37|39|44|53|66.8|67|2|4.4|4.4|12|14.3|14.3|14|17.7|17.7|16|19.8|19.9|9|10.6|10.7|19|19.2|33|||||||8|14|16|1|1|1|1|1|2||||1.51|1.52|1.54||||1.54|1.58|1.59|2.62|14.11|28.225|42.34|0.11|0.11|0.12||||16.2|19.9|22.1|6.6|10.4|13.1|39|40|40|0.7|1.3|1.6|21|26|30|4|8|10|0|0|1|".17"|".17"|1|1|1|0|0|0|0|0|0|0.1|0.1|1.9|6.6|11.7|13.5||||45.2|50.3|52.5|6.6|7|7.6|6|6.5|7|||||||0.2|2.4|4.1|||||||||||||||||||||"12126467"|"34650164"
"Bk"||"B"|||39|48|58|69|94|112|11|46|73|0|0|0|0|0|0|100|100|100|84|92|100|73|84|92|37|45|50|56|67.4|84.2|2|2.4|7|4|4.3|11.5|8|8.2|12|18|23.8|24.7|24|28.7|29|1.8|19.6|36|||||||8|13|14|0|1|2|0|0.25|0.5||||1.54|1.58|1.63||||1.6|1.64|1.65|2.63|14.11|28.225|141.14|0.06|0.15|0.15||||14|18.6|20.4|5.3|9.4|10.9|33|36|39|0.5|1.1|1.3|18|24|25|3|8|9|0|0|1|".37"|".37"|1|5|10|0|0|0|0|0|0|0.1|0.1|1.9|6.2|9.9|10.2||||44.8|48.5|49.2|7.9|8.2|8.4|7.4|7.7|7.9|||||||0|0|0|||||||||||||||||||||"12126467"|"34650165"
"Bk2"||"B"||2|119|127|140|203|203|203|63|76|84|0|0|0|0|0|0|100|100|100|92|100|100|71|79|89|26|30|40|75|78.5|84|3|3.2|4|12|12.4|13|20|20.6|21|27|27.1|30|13|15.2|16|1|16.5|22|||||||3|5|15|0|0|2|0|0.1|0.2||||1.62|1.65|1.68||||1.64|1.67|1.72|2.64|14.11|91.74|141.14|0.06|0.14|0.14|15.1|18.6|25.2|9.4|12.8|20.9|2.1|3.9|11.4|33|36|37|0.1|0.4|1.4|0|16|26|0|6|10|0|0|0|".24"|".24"|2|6|15|0|0|0|0|0|0|0.1|0.1|1.9|2.6|4.3|10.6||||23.2|40.3|49.6|7.9|8.2|8.4|7.4|7.7|7.9|||||||0|0|0|||||||||||||||||||||"12126468"|"34650166"
"Ap"||"A"|||0|0|0|8|23|33|8|23|33|0|0|0|0|0|0|100|100|100|100|100|100|74|77|80|35|40|45|61|65.9|68|4|4.8|5|12|13.4|14|16|16.4|17|19|19.7|20|10|11.6|12|16|25.1|33|||||||6|9|16|0|0|0|1|1.5|2||||1.54|1.58|1.62||||1.58|1.62|1.66|2.61|14.11|28.225|42.34|0.11|0.12|0.13||||15|18|22.5|5.5|8.3|13.6|36|37|39|0.5|0.9|1.7|19|23|31|3|5|10|0|0|1|".20"|".20"|0|0|0|0|0|0|0|0|0|0.1|0.1|1.9|5.6|8.2|13.9||||5.3|11.4|15.4|6.6|7.4|7.8|6|6.9|7.3|||||||0|1.1|4.1|||||||||||||||||||||"12126468"|"34650167"
"Bt1"||"B"||1|8|23|33|36|39|48|3|16|40|0|0|0|0|0|0|89|98|100|78|97|100|58|77|84|29|39|45|63|67|78|4|4.4|6|14|14.3|16|16|17.8|19|19|19.9|23|10|10.6|14|4|20|27|||||||10|13|18|0|0|0|0.4|0.55|0.75||||1.61|1.62|1.62||||1.68|1.69|1.72|2.62|14.11|28.225|42.34|0.09|0.11|0.14||||14.6|19|22.4|6.3|9.5|13.4|31|36|37|0.8|1.3|1.9|22|25|30|6|8|12|0|0|2|".24"|".24"|0|0|0|0|0|0|0|0|0|0.1|0.1|1.9|8.6|11|14.9||||7.5|11|16.4|6.6|7.4|7.8|6|6.9|7.3|||||||0|1.1|3.8|||||||||||||||||||||"12126468"|"34650168"
"Bt2"||"B"||2|36|39|48|51|99|113|3|60|77|0|0|0|0|0|0|89|98|100|78|97|100|59|77|84|29|39|45|63|67|78|4|4.4|6|14|14.3|16|16|17.8|19|19|19.9|23|10|10.6|14|4|20|27|||||||10|13|18|0|0|0|0.2|0.25|0.5||||1.61|1.62|1.63||||1.68|1.69|1.72|2.63|14.11|28.225|42.34|0.09|0.11|0.14||||14.3|18.6|22.1|6.1|9.1|13|31|36|37|0.8|1.3|1.9|21|24|29|6|8|12|0|0|2|".24"|".24"|0|0|5|0|0|0|0|0|0|0.1|0.1|1.9|8.3|10.7|14.7||||7.5|10.7|16.2|6.6|7.4|7.8|6|6.9|7.3|||||||0|0.9|3.7|||||||||||||||||||||"12126468"|"34650169"
"Bk1"||"B"||1|51|99|113|119|127|140|6|28|89|0|0|0|0|0|0|96|98|100|92|97|100|64|77|81|28|39|42|58|67|83|4|4.4|6|12|14.3|16|13|17.8|19|19|19.9|23|10|10.6|19|2|20|39|||||||3|13|15|0|0|2|0|0.1|0.2||||1.58|1.63|1.68||||1.64|1.69|1.7|2.64|14.11|28.225|141.14|0.06|0.11|0.14||||9.1|18.4|20.1|1.9|8.9|10.6|33|36|38|0.1|1.2|1.4|0|24|26|0|9|10|0|0|0|".24"|".24"|5|10|15|0|0|0|0|0|0|0.1|0.1|1.9|2.6|10.3|10.6||||12.1|12.1|35.9|7.9|8.2|8.4|7.4|7.7|7.9|||||||0|0|0|||||||||||||||||||||"12126468"|"34650170"
"H1"||"H"||1||0|||15|||||0|0|0|0|0|0|100|100|100|100|100|100|60|65|70|30|35|40||65.9|||4.3|||14.1|||17.5|||19.6|||10.4|||19.1||||||||10|15|20||||1|1.5|2||||1.35|1.43|1.5|||||1.5|||14.11|28|42.33|0.1|0.12|0.13|||||20.1|||10.6|||43||0|1.5|2.9|25|27.5|30|5|7.5|10|0|0|0|".17"|".17"|0|0|0|0|0|0|0|0|0|0|0|0|5|10|15|||||||6.6|7.2|7.8|||||||||||||||||||||||||||||||||"12126403"|"34650014"
"H2"||"H"||2||15|||71|||||0|0|0|0|0|0|100|100|100|100|100|100|60|70|80|30|40|50||67|||4.4|||14.3|||17.8|||19.9|||10.6|||19.5||||||||9|13.5|18||||0.5|0.75|1||||1.35|1.43|1.5|||||1.5|||14.11|28|42.33|0.1|0.13|0.15|||||18.5|||8.7|||43||0|1.5|2.9|20|22.5|25|0|2.5|5|0|0|0|".24"|".24"|0|3|5|0|0|0|0|0|0|0|0|0|5|10|15|||||||6.6|7.2|7.8|||||||||||||||||||||||||||||||||"12126403"|"34650015"
"H3"||"H"||3||71|||152|||||0|0|0|0|0|0|100|100|100|100|100|100|50|65|80|15|32.5|50||66.6|||4.6|||13.5|||16.6|||20|||11.9|||23.4||||||||5|10|15||||0|0.25|0.5||||1.35|1.48|1.6|||||1.55|||14|78|141|0.06|0.1|0.13|||||15.9|||6.3|||41||0|1.5|2.9|20|22.5|25|0|2.5|5|0|0|0|".24"|".24"|5|10|15|0|0|0|0|0|0|0|1|2|1|5.5|10|||||||7.9|8.2|8.4|||||||||||||||||||||||||||||||||"12126403"|"34650016"
"H1"||"H"||1||0|||15|||||0|0|0|0|0|0|100|100|100|100|100|100|60|65|70|30|35|40||65.9|||4.3|||14.1|||17.5|||19.6|||10.4|||19.1||||||||10|15|20||||1|1.5|2||||1.35|1.43|1.5|||||1.5|||14.11|28|42.33|0.1|0.12|0.13|||||20.1|||10.6|||43||0|1.5|2.9|25|27.5|30|5|7.5|10|0|0|0|".17"|".17"|0|0|0|0|0|0|0|0|0|0|0|0|5|10|15|||||||6.6|7.2|7.8|||||||||||||||||||||||||||||||||"12126406"|"34650017"
"H2"||"H"||2||15|||71|||||0|0|0|0|0|0|100|100|100|100|100|100|60|70|80|30|40|50||67|||4.4|||14.3|||17.8|||19.9|||10.6|||19.5||||||||9|13.5|18||||0.5|0.75|1||||1.35|1.43|1.5|||||1.5|||14.11|28|42.33|0.1|0.13|0.15|||||18.5|||8.7|||43||0|1.5|2.9|20|22.5|25|0|2.5|5|0|0|0|".24"|".24"|0|3|5|0|0|0|0|0|0|0|0|0|5|10|15|||||||6.6|7.2|7.8|||||||||||||||||||||||||||||||||"12126406"|"34650018"
"H3"||"H"||3||71|||152|||||0|0|0|0|0|0|100|100|100|100|100|100|50|65|80|15|32.5|50||66.6|||4.6|||13.5|||16.6|||20|||11.9|||23.4||||||||5|10|15||||0|0.25|0.5||||1.35|1.48|1.6|||||1.55|||14|78|141|0.06|0.1|0.13|||||15.9|||6.3|||41||0|1.5|2.9|20|22.5|25|0|2.5|5|0|0|0|".24"|".24"|5|10|15|0|0|0|0|0|0|0|1|2|1|5.5|10|||||||7.9|8.2|8.4|||||||||||||||||||||||||||||||||"12126406"|"34650019"
"C"||"C"|||94|94|203|203|203|203|0|109|109|0|0|0|0|0|0|100|100|100|100|100|100|79|86|92|39|46|55|48|61.4|72|4|4.5|5.5|5|6.1|7.8|9|14.6|16.7|19|22.4|27.2|11|13.8|14.8|3|18.6|37|||||||15|20|25|8|9|10|0|0.5|1||||1.47|1.58|1.7||||1.51|1.62|1.74|2.63|4.23|9.17|42.34|0.1|0.12|0.13||||19.6|22.8|25.6|10|14|18|34|38|42|0.3|0.9|1.6|22|28|34|5|9|13|0|0|4|".24"|".24"|5|8|10|0|0|0|0|0|0|0|0.5|1|5.9|9.7|12.9||||14.4|14.4|39.2|7.4|8.5|8.6|6.9|8|8.1|||||||0|0|1.4|||||||||||||||||||||"12126459"|"34650119"
"Bt2"||"B"||2|23|28|46|43|51|71|3|23|48|0|0|0|0|0|0|100|100|100|100|100|100|88|93|97|67|75|81|25|30|42|2|2.8|4|2.5|3.1|5|5|5.7|8|8.5|10.1|13|7|8.3|12|13|30|40|||||||35|40|45|0|0|0|1|1.5|2||||1.32|1.36|1.4||||1.64|1.68|1.75|2.57|0.42|0.915|1.41|0.13|0.15|0.16||||29.4|31.3|38.8|19.9|23.1|26.3|43|45|46|6|7.3|8.7|47|53|59|25|29|33|16|25|36|".28"|".28"|0|0|1|0|0|0|0|0|0|0|0.5|1|26.8|30.5|34.1||||25.1|32|35.6|6.6|7.6|7.8|6.1|7.1|7.3|||||||1.9|3|6.4|||||||||||||||||||||"12126459"|"34650120"
"Bk1"||"B"||1|43|51|71|61|69|119|10|18|76|0|0|0|0|0|0|100|100|100|100|100|100|84|90|97|59|69|76|30|36.7|55|3|3.3|6|3|4.6|7.6|5|6.4|11|10|11.5|16.5|9|10.9|13.9|11|36.8|47|||||||23|26.5|34|10|12|14|0.5|0.75|1||||1.45|1.56|1.66||||1.51|1.62|1.68|2.62|1.41|9.17|14.11|0.12|0.17|0.17||||29.8|31.5|34.4|15.1|17.6|22.6|35|38|42|0.8|1.3|2.6|29|34|42|9|12|19|0|4|13|".32"|".32"|5|10|15|0|0|0|0|0|0|0|0.5|1|11.2|12.4|16.6||||18.1|18.1|44.5|7.4|8.2|8.6|6.9|7.7|8.1|||||||0|0|1.9|||||||||||||||||||||"12126459"|"34650121"
"Bk2"||"B"||2|61|69|119|94|94|203|25|25|142|0|0|0|0|0|0|100|100|100|100|100|100|79|86|92|39|46|55|48|61.4|72|4|4.5|5.5|5|6.1|7.8|9|14.6|16.7|19|22.4|27.2|11|13.8|14.8|3|18.6|37|||||||15|20|25|8|9|10|0|0.5|1||||1.41|1.54|1.66||||1.45|1.58|1.7|2.63|4.23|9.17|42.34|0.1|0.12|0.13||||19.4|22.6|25.3|9.7|13.6|17.5|35|39|44|0.3|0.9|1.6|22|28|34|5|9|13|0|0|4|".24"|".24"|5|8|10|0|0|0|0|0|0|0|0.5|1|5.9|9.7|12.9||||14.4|14.4|39.2|7.4|8.5|8.6|6.9|8|8.1|||||||0|0|1.4|||||||||||||||||||||"12126459"|"34650122"
"Ap"||"A"|||0|0|0|10|15|25|10|15|25|0|0|0|0|0|0|100|100|100|100|100|100|82|89|95|56|64|74|35|42.7|50|3|4|5|5|5.6|6.6|6|7.5|8.1|11|13.3|16|10|12.3|14.3|28|38.3|50|||||||15|19|22|0|0|0|1|1.5|2||||1.33|1.41|1.49||||1.42|1.5|1.55|2.6|4.23|9.17|42.34|0.14|0.15|0.17||||23.9|28|31.2|8.1|12.7|17.2|41|43|46|1|2|3.3|25|32|40|7|12|18|1|6|12|".43"|".43"|0|0|0|0|0|0|0|0|0|0|0.5|1|10.7|16.1|21.2||||10.1|15.9|22.7|6.6|7.2|7.8|6.1|6.7|7.3|||||||0.1|2.5|4.9|||||||||||||||||||||"12126459"|"34650123"
"Bt1"||"B"||1|10|15|25|23|28|46|5|13|26|0|0|0|0|0|0|100|100|100|100|100|100|88|93|97|67|75|81|25|30|42|2|2.8|4|2.5|3.1|5|5|5.7|8|8.5|10.1|13|7|8.3|12|13|30|40|||||||35|40|45|0|0|0|1|1.5|2||||1.32|1.36|1.4||||1.64|1.68|1.75|2.57|0.42|0.915|1.41|0.13|0.15|0.16||||29.4|31.3|38.8|19.9|23.1|26.3|43|45|46|6|7.3|8.7|47|53|59|25|29|33|16|25|36|".28"|".28"|0|0|1|0|0|0|0|0|0|0|0.5|1|26.8|30.5|34.1||||25.1|32|35.6|6.6|7.6|7.8|6.1|7.1|7.3|||||||1.9|3|6.4|||||||||||||||||||||"12126459"|"34650124"
"C"||"C"|||76|89|129|203|203|203|74|114|127|0|0|0|0|0|0|100|100|100|95|100|100|60|74|78|30|40|50|66|75|81|2|5|5.5|13|14|15.5|14|28|29|22|24|55|3|4|5|3|11|25|||||||9|14|16|5|8|10|0.1|0.1|0.15||||1.51|1.62|1.73||||1.53|1.64|1.75|2.64|14.11|28|42.33|0.08|0.11|0.13||||16.1|20.2|21.6|6.7|10.7|12.4|32|37|41|0|0.5|0.8|17|22|25|1|5|8|0|0|1|".15"|".15"|5|8|10|0|0|0|0|0|1|0.1|0.1|2|3.8|5.5|5.6||||37.1|44.2|44.3|7.9|8.2|9|7.6|7.7|8.2|||||||0|0|0|||||||||||||||||||||"12126460"|"34650125"
"Ap"||"A"|||0|0|0|9|15|25|9|15|25|0|0|0|0|0|0|100|100|100|100|100|100|74|77|80|37|39|44|53|66.8|67|2|4.4|4.4|12|14.3|14.3|14|17.7|17.7|16|19.8|19.9|9|10.6|10.7|19|19.2|33|||||||8|14|16|1|1|1|1|1|2||||1.48|1.52|1.56||||1.54|1.58|1.59|2.61|14.11|28.225|42.34|0.09|0.11|0.12||||17.8|22.3|24.2|8|13.2|15.9|38|40|41|0.7|1.3|1.6|21|26|30|4|8|10|0|0|1|".17"|".17"|1|1|1|0|0|0|0|0|0|0.1|0.1|2|6.6|11.7|13.5||||15.8|50.3|52.1|6.6|7|7.6|6|6.5|7|||||||0.2|2.4|4.1|||||||||||||||||||||"12126460"|"34650126"
"Bt1"||"B"||1|9|15|25|23|30|43|14|15|34|0|0|0|0|0|0|100|100|100|100|100|100|83|86|89|44|48|51|52|57|63|1|1.2|1.6|7|7.6|8|18|20.2|21|17|18.3|21|9|9.7|11.4|12|18|23|||||||18|25|27|1|1|1|0.5|0.6|1||||1.41|1.51|1.61||||1.55|1.65|1.67|2.63|4.233|9|28.225|0.1|0.13|0.18||||21.4|25.3|26.7|12.1|17.5|19.8|37|40|44|1.8|3.1|3.5|29|36|39|11|17|18|1|4|6|".20"|".20"|1|1|1|0|0|0|0|0|0|0.1|0.1|2|14|19.7|21.6||||23.2|58.3|60.2|6.6|7.2|7.6|6|6.6|7|||||||0.8|2.6|4.6|||||||||||||||||||||"12126460"|"34650127"
"Bt2"||"B"||2|23|30|43|39|48|58|16|18|35|0|0|0|0|0|0|100|100|100|95|100|100|83|86|89|44|48|51|52|57|63|1|1.2|1.6|7|7.6|8|18|20.2|21|17|18.3|21|9|9.7|11.4|12|18|23|||||||18|25|27|1|1|3|0.4|0.48|0.75||||1.41|1.51|1.61||||1.55|1.65|1.66|2.64|4.233|9|28.225|0.1|0.14|0.18||||20.8|25.1|26.7|11.8|17.2|19.8|36|41|44|1.6|3.1|3.3|28|36|38|10|17|18|1|4|6|".20"|".20"|1|1|3|0|0|0|0|0|0|0.1|0.1|2|14|19.6|20.1||||23.2|28.8|48.2|6.6|7.4|7.6|6|6.9|7|||||||0.8|2|4.4|||||||||||||||||||||"12126460"|"34650128"
"Bk"||"B"|||39|48|58|76|89|129|37|41|71|0|0|0|0|0|0|100|100|100|95|100|100|82|84|87|41|44|49|56|62|68|1|2|3|7|9|10|20|21|23|19|20|21|9|10|11|12|15|24|||||||20|23|28|5|8|10|0.2|0.22|0.5||||1.37|1.48|1.6||||1.44|1.55|1.67|2.64|4.233|9|14.11|0.14|0.16|0.18||||21.5|23.8|26|12.7|15.3|18.7|36|42|46|1.1|1.6|2.5|27|31|37|8|12|17|0|2|5|".20"|".20"|5|8|10|0|0|0|0|0|1|0.1|0.1|2|12.5|12.7|15.1||||45.8|51.4|53.8|7.9|8.2|9|7.6|7.7|8.2|||||||0|0|0.1|||||||||||||||||||||"12126460"|"34650129"
"2Btkb2"|2|"B"||2|79|95|122|101|117|135|21|22|56|0|0|0|0|0|0|100|100|100|100|100|100|94|98|100|87|94|100|6|7.7|10|0.5|0.6|1|0.5|0.8|1|1|1.2|2|2|2.4|3|2|2.7|3|45|56.3|67|||||||27|36|45|1|3|4|1|1.5|2||||1.38|1.4|1.43||||1.63|1.65|1.76|2.58|0.42|0.915|4.23|0.15|0.19|0.21||||30.7|34|36.8|16.4|22|27.5|42|43|44|2.9|5.6|8|38|48|59|17|24|32|14|25|37|".37"|".37"|5|8|10|0|0|0|0|0|0|0.1|0.1|1.9|20.8|25.8|31.4||||54.1|64.5|70.4|7.4|8.2|8.4|7.3|7.7|7.9|||||||0|0.9|3.9|||||||||||||||||||||"12126461"|"34650130"
"Bt"||"B"|||10|10|25|43|56|88|18|46|78|0|0|0|0|0|0|100|100|100|100|100|100|97|98|100|91|94|97|6|7.5|9|0.5|0.5|1|0.5|0.8|1|1|1.2|2|2|2.4|3|2|2.6|3|50|54.5|59|||||||35|38|41|0|0|0|1|1.5|2||||1.38|1.4|1.42||||1.69|1.71|1.74|2.57|0.42|0.915|1.41|0.16|0.19|0.2||||33.4|34.6|35.8|20.8|23.1|25.3|43|43|44|6|6.8|7.6|47|51|55|25|27|29|24|28|32|".37"|".37"|0|0|0|0|0|0|0|0|0|0.1|0.1|1.9|26.8|29.2|31.4||||25.1|28.6|39.2|6.6|7.2|7.8|6.1|6.6|7.3|||||||1.9|4|6.1|||||||||||||||||||||"12126461"|"34650131"
"Ap"||"A"|||0|0|0|10|10|25|10|10|25|0|0|0|0|0|0|100|100|100|100|100|100|92|94|97|76|81|85|23|24.8|26|2|2.1|2.5|2.5|2.8|3|2|2.5|2.5|7|7.5|8|9.5|9.9|10|50|52.7|59|||||||18|22.5|24|0|0|0|1|2.5|4||||1.3|1.38|1.45||||1.41|1.49|1.53|2.58|4.23|9.17|42.34|0.21|0.22|0.23||||26.8|30.1|32.8|11.2|15.6|19.8|42|44|47|1.9|2.7|3.6|30|38|45|12|15|18|7|12|16|".37"|".37"|0|0|0|0|0|0|0|0|0|0.1|0.1|1.9|15.1|18.9|22.5||||14.3|18.7|30.3|6.6|7.2|7.8|6.1|6.6|7.3|||||||0.6|3.2|5.8|||||||||||||||||||||"12126461"|"34650132"
"2Bkb"|2|"B"|||101|117|135|203|203|203|68|86|102|0|0|0|0|0|0|100|100|100|100|100|100|89|94|99|71|79|86|19|26.4|31|1|2.1|3|2|3|4|4|4.3|5|6|8.3|9|6|8.7|10|40|53.1|66|||||||15|20.5|29|0|1|3|0.5|0.75|1||||1.42|1.48|1.55||||1.52|1.58|1.66|2.62|1.41|9.17|42.34|0.21|0.21|0.22||||25.4|28.4|32.4|9.6|13.2|19.1|39|41|44|1.1|2.1|3.8|25|32|42|8|13|21|3|8|18|".43"|".43"|5|10|15|0|0|0|0|0|0|0.1|0.1|1.9|12.6|16.1|21.5||||45.9|54.8|60.5|7.4|8.2|8.4|7.3|7.7|7.9|||||||0|0|2.4|||||||||||||||||||||"12126461"|"34650133"
"Btk"||"B"|||43|56|58|56|81|81|2|25|38|0|0|0|0|0|0|100|100|100|100|100|100|94|98|100|87|94|100|6|7.7|10|0.5|0.6|1|0.5|0.8|1|1|1.2|2|2|2.4|3|2|2.7|3|45|56.3|67|||||||27|36|45|1|3|4|1|1.5|2||||1.38|1.4|1.43||||1.63|1.65|1.76|2.58|0.42|0.915|4.23|0.15|0.19|0.21||||30.7|34|36.8|16.4|22|27.5|42|43|44|2.9|5.6|8|38|48|59|17|24|32|14|25|37|".37"|".37"|5|8|10|0|0|0|0|0|0|0.1|0.1|1.9|20.8|25.8|31.4||||54.1|64.5|70.4|7.4|8.2|8.4|7.3|7.7|7.9|||||||0|0.9|3.9|||||||||||||||||||||"12126461"|"34650134"
"2Btkb1"|2|"B"||1|56|81|81|79|95|122|2|14|66|0|0|0|0|0|0|100|100|100|100|100|100|94|98|100|87|94|100|6|7.7|10|0.5|0.6|1|0.5|0.8|1|1|1.2|2|2|2.4|3|2|2.7|3|45|56.3|67|||||||27|36|45|1|3|4|1|1.5|2||||1.38|1.4|1.43||||1.63|1.65|1.76|2.58|0.42|0.915|4.23|0.15|0.19|0.21||||30.7|34|36.8|16.4|22|27.5|42|43|44|2.9|5.6|8|38|48|59|17|24|32|14|25|37|".37"|".37"|5|8|10|0|0|0|0|0|0|0.1|0.1|1.9|20.8|25.8|31.4||||54.1|64.5|70.4|7.4|8.2|8.4|7.3|7.7|7.9|||||||0|0.9|3.9|||||||||||||||||||||"12126461"|"34650135"
"Bt"||"B"|||10|10|25|43|56|88|18|46|78|0|0|0|0|0|0|100|100|100|100|100|100|97|98|100|91|94|97|6|7.5|9|0.5|0.5|1|0.5|0.8|1|1|1.2|2|2|2.4|3|2|2.6|3|50|54.5|59|||||||35|38|41|0|0|0|1|1.5|2||||1.38|1.4|1.42||||1.69|1.71|1.74|2.57|0.42|0.915|1.41|0.16|0.19|0.2||||33.4|34.6|35.8|20.8|23.1|25.3|43|43|44|6|6.8|7.6|47|51|55|25|27|29|24|28|32|".37"|".37"|0|0|0|0|0|0|0|0|0|0.1|0.1|1.9|26.8|29.2|31.4||||25.1|28.6|39.2|6.6|7.2|7.8|6.1|6.6|7.3|||||||1.9|4|6.1|||||||||||||||||||||"12126462"|"34650136"
"Btk"||"B"|||43|56|58|56|81|81|2|25|38|0|0|0|0|0|0|100|100|100|100|100|100|94|98|100|87|94|100|6|7.7|10|0.5|0.6|1|0.5|0.8|1|1|1.2|2|2|2.4|3|2|2.7|3|45|56.3|67|||||||27|36|45|1|3|4|1|1.5|2||||1.38|1.4|1.43||||1.63|1.65|1.76|2.58|0.42|0.915|4.23|0.15|0.19|0.21||||30.7|34|36.8|16.4|22|27.5|42|43|44|2.9|5.6|8|38|48|59|17|24|32|14|25|37|".37"|".37"|5|8|10|0|0|0|0|0|0|0.1|0.1|1.9|20.8|25.8|31.4||||54.1|64.5|70.4|7.4|8.2|8.4|7.3|7.7|7.9|||||||0|0.9|3.9|||||||||||||||||||||"12126462"|"34650137"
"Ap"||"A"|||0|0|0|10|10|25|10|10|25|0|0|0|0|0|0|100|100|100|100|100|100|92|94|97|76|81|85|23|24.8|26|2|2.1|2.5|2.5|2.8|3|2|2.5|2.5|7|7.5|8|9.5|9.9|10|50|52.7|59|||||||18|22.5|24|0|0|0|1|2.5|4||||1.3|1.38|1.45||||1.41|1.49|1.53|2.58|4.23|9.17|42.34|0.21|0.22|0.23||||26.8|30.1|32.8|11.2|15.6|19.8|42|44|47|1.9|2.7|3.6|30|38|45|12|15|18|7|12|16|".37"|".37"|0|0|0|0|0|0|0|0|0|0.1|0.1|1.9|15.1|18.9|22.5||||14.3|18.7|30.3|6.6|7.2|7.8|6.1|6.6|7.3|||||||0.6|3.2|5.8|||||||||||||||||||||"12126462"|"34650138"
"2Btkb1"|2|"B"||1|56|81|81|79|95|122|2|14|66|0|0|0|0|0|0|100|100|100|100|100|100|94|98|100|87|94|100|6|7.7|10|0.5|0.6|1|0.5|0.8|1|1|1.2|2|2|2.4|3|2|2.7|3|45|56.3|67|||||||27|36|45|1|3|4|1|1.5|2||||1.38|1.4|1.43||||1.63|1.65|1.76|2.58|0.42|0.915|4.23|0.15|0.19|0.21||||30.7|34|36.8|16.4|22|27.5|42|43|44|2.9|5.6|8|38|48|59|17|24|32|14|25|37|".37"|".37"|5|8|10|0|0|0|0|0|0|0.1|0.1|1.9|20.8|25.8|31.4||||54.1|64.5|70.4|7.4|8.2|8.4|7.3|7.7|7.9|||||||0|0.9|3.9|||||||||||||||||||||"12126462"|"34650139"
"2Btkb2"|2|"B"||2|79|95|122|101|117|135|21|22|56|0|0|0|0|0|0|100|100|100|100|100|100|94|98|100|87|94|100|6|7.7|10|0.5|0.6|1|0.5|0.8|1|1|1.2|2|2|2.4|3|2|2.7|3|45|56.3|67|||||||27|36|45|1|3|4|1|1.5|2||||1.38|1.4|1.43||||1.63|1.65|1.76|2.58|0.42|0.915|4.23|0.15|0.19|0.21||||30.7|34|36.8|16.4|22|27.5|42|43|44|2.9|5.6|8|38|48|59|17|24|32|14|25|37|".37"|".37"|5|8|10|0|0|0|0|0|0|0.1|0.1|1.9|20.8|25.8|31.4||||54.1|64.5|70.4|7.4|8.2|8.4|7.3|7.7|7.9|||||||0|0.9|3.9|||||||||||||||||||||"12126462"|"34650140"
"2Bkb"|2|"B"|||101|117|135|203|203|203|68|86|102|0|0|0|0|0|0|100|100|100|100|100|100|89|94|99|71|79|86|19|26.4|31|1|2.1|3|2|3|4|4|4.3|5|6|8.3|9|6|8.7|10|40|53.1|66|||||||15|20.5|29|0|1|3|0.5|0.75|1||||1.42|1.48|1.55||||1.52|1.58|1.66|2.62|1.41|9.17|42.34|0.21|0.21|0.22||||25.4|28.4|32.4|9.6|13.2|19.1|39|41|44|1.1|2.1|3.8|25|32|42|8|13|21|3|8|18|".43"|".43"|5|10|15|0|0|0|0|0|0|0.1|0.1|1.9|12.6|16.1|21.5||||45.9|54.8|60.5|7.4|8.2|8.4|7.3|7.7|7.9|||||||0|0|2.4|||||||||||||||||||||"12126462"|"34650141"
"H1"||"H"||1||0|||20|||||0|0|0|0|0|0|100|100|100|100|100|100|85|90|95|60|67.5|75||39.8|||3.5|||5|||6.9|||12.5|||11.9|||37.7||||||||18|22.5|27||||1|2.5|4||||1.25|1.33|1.4|||||1.39|||4.233|9|14.11|0.14|0.16|0.18|||||29.7|||15|||46||0|1.5|2.9|25|27.5|30|5|7.5|10|0|3|6|".28"|".28"|0|0|0|0|0|0|0|0|0|0|0|0|10|17.5|25|||||||6.6|7.2|7.8|||||||||||||||||||||||||||||||||"12126419"|"34650031"
"H2"||"H"||2||20|||74|||||0|0|0|0|0|0|100|100|100|100|100|100|95|97.5|100|85|90|95||29.9|||2.6|||3.1|||5.7|||10.2|||8.3|||32.1||||||||35|38|41||||1|1.5|2||||1.15|1.23|1.3|||||1.4|||0.4233|1|1.411|0.14|0.18|0.21|||||33.1|||20.3|||50||3|4.5|5.9|35|37.5|40|15|17.5|20|12|15|20|".28"|".28"|0|0|0|0|0|0|0|0|0|0|0|0|25|30|35|||||||6.6|7.2|7.8|||||||||||||||||||||||||||||||||"12126419"|"34650032"
"H3"||"H"||3||74|||152|||||0|0|0|0|0|0|100|100|100|100|100|100|60|80|100|40|65|90||42|||3.9|||5.5|||7.4|||13.1|||12.1|||37.5||||||||15|20.5|26||||0.5|0.75|1||||1.15|1.33|1.5|||||1.39|||4|23|42|0.1|0.15|0.2|||||27.4|||11.8|||47||0|1.5|2.9|25|27.5|30|5|7.5|10|0|2|8|".32"|".32"|5|10|15|0|0|0|0|0|0|0|1|2|5|10|15|||||||7.9|8.2|8.4|||||||||||||||||||||||||||||||||"12126419"|"34650033"
"H1"||"H"||1||0|||15|||||0|0|0|0|0|0|100|100|100|100|100|100|70|77.5|85|40|47.5|55||65.4|||0.1|||3|||14.8|||31.4|||16.1|||19.6||||||||10|15|20||||1|1.5|2||||1.35|1.43|1.5|||||1.5|||4|23|42|0.13|0.14|0.15|||||20.1|||10.6|||43||0|1.5|2.9|25|27.5|30|5|7.5|10|0|0|3|".20"|".20"|0|0|0|0|0|0|0|0|0|0|0|0|5|10|15|||||||6.6|7.2|7.8|||||||||||||||||||||||||||||||||"12126330"|"34649935"
"H2"||"H"||2||15|||46|||||0|0|0|0|0|0|100|100|100|100|100|100|80|85|90|35|45|55||57|||1.3|||8.4|||15.1|||20.7|||11.5|||18||||||||20|25|30||||0.5|0.75|1||||1.25|1.33|1.4|||||1.39|||1.411|8|14.11|0.14|0.16|0.18|||||23|||14.2|||47||0|1.5|2.9|20|25|30|5|7.5|10|0|0|3|".20"|".20"|0|0|0|0|0|0|0|0|0|0|0|0|10|15|20|||||||6.6|7.2|7.8|||||||||||||||||||||||||||||||||"12126330"|"34649936"
"H3"||"H"||3||46|||112|||||0|0|0|0|0|0|100|100|100|100|100|100|70|77.5|85|40|47.5|55||65.4|||0.1|||3|||14.8|||31.4|||16.1|||19.6||||||||10|15|20||||0.5|0.75|1||||1.35|1.43|1.5|||||1.5|||4|23|42|0.13|0.14|0.15|||||19.2|||9.6|||43||0|1.5|2.9|20|22.5|25|0|2.5|5|0|0|0|".28"|".28"|5|8|10|0|0|0|0|0|0|0|0|0|5|10|15|||||||7.9|8.2|8.4|||||||||||||||||||||||||||||||||"12126330"|"34649937"
"H4"||"H"||4||112|||152|||||0|0|0|0|0|0|100|100|100|100|100|100|70|77.5|85|30|40|50||86.8|||0|||2.1|||14.1|||43|||27.6|||6.7||||||||3|6.5|10||||0.5|0.75|1||||1.45|1.53|1.6|||||1.6|||42|92|141|0.08|0.1|0.11||20|||14.5|||5.1|||39||0|1.5|2.9|20|22.5|25|0|2.5|5|0|0|0|".24"|".24"|5|8|10|0|0|0|0|0|0|0|0|0|2|6|10|||||||7.9|8.2|8.4|||||||||||||||||||||||||||||||||"12126330"|"34649938"
