"H4"||"H"||4||119|||152|||33||0|0|0|0|0|0|100|100|100|100|100|100|97|100|100|95|99|100|1|1.3|7|0|0|1|0.1|0.1|2|0.1|0.2|2|0.1|0.2|2|0.5|0.8|5|66|75.8|79|||||||20|22.9|27||||0|0.1|0.5||||1.4|1.5|1.6||||1.47|1.57|1.63||4.23|9.17|14.11|0.19|0.21|0.26||||25|28.9|31|12|13.9|16.9|38|41|45|0|1.5|2.9|29|32|38|13|15|19|11|14|20|".49"|".49"|0|10|15|0|0|0|0|0|0|0|0|0|14.2|17.1|21.2|||||||7.4|7.8|8.4|||||||||||||||||||||||||||||||||"12574696"|"35936114"
"H1"||"H"||1||0|||58|||58||0|0|0|0|0|0|100|100|100|100|100|100|97|99|100|94|99|100|1|1.7|7|0|0.3|1|0.1|0.3|2|0.1|0.1|2|0.1|0.1|2|0.5|0.9|5|58|66.3|72|||||||27|32|35||||4.5|4.5|6||||1.15|1.25|1.35||||1.33|1.43|1.48||4.23|9.17|14.11|0.17|0.19|0.22||||29.6|33.4|35.1|18.5|20.9|24|45|48|52|3|4.5|5.9|46|51|57|18|22|24|20|26|30|".24"|".24"|0|0|0|0|0|0|0|0|0|0|0|0|23.1|26.9|29.5|||||||5.6|6|6.5|||||||||||||||||||||||||||||||||"12574696"|"35936115"
"H2"||"H"||2||58|||97|||39||0|0|0|0|0|0|100|100|100|100|100|100|96|99|100|93|98|100|1|3|7|0|0.5|1|0.1|0.6|2|0.1|0.3|2|0.1|0.4|2|0.5|1.2|5|58|66|72|||||||27|31|35||||0.5|0.68|1.5||||1.35|1.4|1.45||||1.55|1.6|1.66||4.23|9.17|14.11|0.13|0.14|0.21||||27.6|31.8|33.7|15.7|18.2|21.4|43|45|46|3|4.5|5.9|38|42|48|19|22|25|18|23|28|".43"|".43"|0|0|0|0|0|0|0|0|0|0|0|0|21.2|24.3|27.9|||||||6.1|7.2|7.3|||||||||||||||||||||||||||||||||"12574696"|"35936116"
"H3"||"H"||3||97|||119|||22||0|0|0|0|0|0|100|100|100|100|100|100|97|99|100|95|98|100|1|2.5|7|0|0.3|1|0.1|0.5|2|0.1|0.1|2|0.1|0.3|2|0.5|1.3|5|66|70.9|75|||||||24|26.6|27||||0.1|0.3|0.5||||1.3|1.4|1.5||||1.36|1.46|1.53||4.23|9.17|14.11|0.13|0.15|0.23||||26.6|29.9|30.3|13.6|15.3|15.7|41|45|48|0|1.5|2.9|32|36|38|16|18|19|14|18|20|".49"|".49"|0|0|5|0|0|0|0|0|0|0|0|0|17.9|20.5|21.2|||||||6.6|7.6|7.8|||||||||||||||||||||||||||||||||"12574696"|"35936117"
"H1"||"H"||1||0|||51|||51||0|0|0|0|0|0|100|100|100|100|100|100|92|99|100|89|96|100|1.7|5|7||0.2|||0.8|||1|||1|||2||66|73|83.3|||||||15|22|27||||4.5|5|6||||1.2|1.3|1.4||||1.26|1.36|1.42||4.23|9.17|14.11|0.22|0.23|0.26||||24|31.3|33.5|13.3|17.4|21|43|46|50|0|1.5|2.9|24|30.5|37|3|8|13|1|7|14|".32"|".32"|0|0|0|0|0|0|0|0|0|0|0|0|18|28|34|||||||5.1|5.8|6.5|||||||||||||||||||||||||||||||||"12574695"|"35936110"
"H2"||"H"||2||51|||79|||28||0|0|0|0|0|0|100|100|100|100|100|100|96|99|100|93|96|100|1.7|5|7||0.2|||0.8|||1|||1|||2||66|77|83.3|||||||15|18|27||||0.1|0.8|1||||1.4|1.5|1.6||||1.47|1.57|1.63||1.41|2.82|4.23|0.17|0.19|0.21||||21|27.4|31.4|9.1|11.9|17.5|37|41|44|0|1.5|2.9|24|30.5|37|7|12.5|18|4|11|18|".55"|".55"|0|0|0|0|0|0|0|0|0|0|0|0|9|15|24|7.6|9.7|14.1||||5.1|5.3|6|||||||||||||||||||||||||||||||||"12574695"|"35936111"
"H3"||"H"||3||79|||140|||61||0|0|0|0|0|0|100|100|100|100|100|100|94|99|100|91|96|99|1.7|5|7||0.2|||0.8|||1|||1|||2||58|63|71.3|||||||27|32|35||||0.5|1.2|1.5||||1.35|1.45|1.55||||1.55|1.65|1.72||4.23|9.17|14.11|0.18|0.19|0.21||||26.8|33|34.1|16.3|20.1|22.2|39|42|46|3|4.5|5.9|37|41.5|46|16|20|24|15|20|26|".37"|".37"|0|0|0|0|0|0|0|0|0|0|0|0|17|24|31|||||||5.1|5.6|6|||||||||||||||||||||||||||||||||"12574695"|"35936112"
"H4"||"H"||4||140|||152|||12||0|0|0|0|0|0|100|100|100|100|100|100|93|99|100|90|96|100|1.7|5|7||0.2|||0.8|||1|||1|||2||66|74|83.3|||||||15|21|27||||0|0.1|0.5||||1.4|1.5|1.6||||1.47|1.57|1.63||4.23|9.14|14.11|0.19|0.22|0.26||||19.8|28.1|31|9|12.7|16.9|38|41|45|0|1.5|2.9|24|30.5|37|7|12.5|18|4|11|18|".55"|".55"|0|0|15|0|0|0|0|0|0|0|0|0|9|17|22|||||||6.1|6.3|7.8|||||||||||||||||||||||||||||||||"12574695"|"35936113"
"H2"||"H"||2||43|||86|||43||0|0|0|0|0|0|100|100|100|100|100|100|96|99|100|92|96|100|1.7|4.5|7|0|0.2|1|0|0.8|2|0.1|1|2|0.1|1|2|0.5|1.5|3|58|62.5|70.1|||||||25|33|35|0|0.5|1|0.5|1|2||||1.35|1.45|1.55||||1.56|1.66|1.68||4.23|9.17|14.11|0.13|0.16|0.19||||29.9|33.2|34.5|15.2|20.4|22.8|39|42|46|3.2|4.7|5.1|36|45|48|17|23|24|15|23|27|".37"|".37"|0|16|25|0|0|0|0|0|0|0|0|0|19.7|25.7|27.5||||15|23|25|6.6|7.6|8.4||||||||||0|2.3|5.6|||||||||||||||||||||"12574694"|"35936107"
"H3"||"H"||3||86|||152|||66||0|0|0|0|0|0|95|100|100|86|95|100|80|93|100|75|89|100|2.6|8.1|15|0|0.5|1.5|0.1|1|3|0.5|1.8|3|1|2.3|5|1|2.5|5|58.7|70.9|82.3|||||||15|21|27|0|1|2|0.1|0.3|0.5||||1.45|1.55|1.65||||1.56|1.66|1.71||4.23|9.17|14.11|0.15|0.18|0.21||||23.1|27.8|31.4|8.6|13|17.4|33|38|43|1.4|2.2|3.2|25|31|37|10|14|18|4|11|18|".49"|".49"|15|25|40|0|0|0|0|0|0|0|0|0|11.7|15.8|19.7||||11|14|18|7.4|8.2|8.4||||||||||0|0|2|||||||||||||||||||||"12574694"|"35936108"
"H1"||"H"||1||0|||43|||43||0|0|0|0|0|0|100|100|100|100|100|100|97|99|100|93|97|100|1.7|4.5|7|0|0.2|1|0|0.4|2|0.1|0.6|2|0.1|1.4|2|0.5|1.9|3|58|64.5|71.1|||||||27|31|35|0|0|1|4.5|5.25|6||||1.2|1.3|1.4||||1.33|1.43|1.45||4.23|9.17|14.11|0.15|0.18|0.21||||32.5|34.1|35.6|19.3|22.1|24.9|41|45|49|2.6|3.2|3.6|46|51|56|18|21|24|19|25|30|".28"|".28"|0|0|5|0|0|0|0|0|0|0|0|0|23.1|26.3|28.7||||14|21|26|6.1|6.8|7.8||||||||||2.7|6.1|8.5|||||||||||||||||||||"12574694"|"35936109"
"H1"||"H"||1||0|||30|||30||0|0|0|0|0|0|100|100|100|100|100|100|95|99|100|91|96|100|1|5.1|7|0|0.3|1|0.1|0.8|2|0.1|1|2|0.3|1|2|0.3|2|5|66|70.9|84|||||||15|24|27|0|0|0|3.5|4.25|5||||1.25|1.35|1.45||||1.31|1.41|1.47||4.23|9.17|14.11|0.22|0.23|0.24||||22|31.8|33.3|12.5|18.1|20.6|40|44|48|0|1.5|2.9|32|42|47|9|16|18|8|17|22|".37"|".37"|0|0|0|0|0|0|0|0|0|0|0|0|16|24|32|||||||6.1|7|7.3|||||||||||||||||||||||||||||||||"12574693"|"35936103"
"H2"||"H"||2||30|||76|||46||0|0|0|0|0|0|100|100|100|100|100|100|96|99|100|92|96|100|1|5.1|7|0|0.3|1|0.1|0.8|2|0.1|1|2|0.3|1|2|0.3|2|5|58|62.9|72|||||||27|32|35|0|0|0|0.5|1|1.5||||1.35|1.45|1.55||||1.55|1.65|1.72||4.23|9.17|14.11|0.18|0.19|0.21||||27|32.8|34.1|16.3|19.8|22.2|39|42|46|3|4.5|5.9|38|44|48|19|23|25|18|24|28|".37"|".37"|0|0|10|0|0|0|0|0|0|0|0|0|17|24|31|||||||6.1|7.2|7.8|||||||||||||||||||||||||||||||||"12574693"|"35936104"
"H4"||"H"||4||99|||152|||53||0|0|0|0|0|0|100|100|100|100|100|100|96|99|100|91|96|100|1|5.1|7|0|0.3|1|0.1|0.8|2|0.1|1|2|0.3|1|2|0.3|2|5|75|82.9|91|||||||8|12|18|0|0|0|0|0.25|0.5||||1.4|1.5|1.6||||1.47|1.57|1.63||4.23|9.17|14.11|0.19|0.22|0.26||||14.8|23.4|27.1|4.8|7.6|11.5|37|41|45|0|1.5|2.9|18|23|30|4|7|12|0|4|11|".64"|".64"|15|25|35|0|0|0|0|0|0|0|0|0|5|12.5|20|||||||7.9|8.2|8.4|||||||||||||||||||||||||||||||||"12574693"|"35936105"
"H3"||"H"||3||76|||99|||23||0|0|0|0|0|0|100|100|100|100|100|100|95|99|100|90|96|100|1|5.1|7|0|0.3|1|0.1|0.8|2|0.1|1|2|0.3|1|2|0.3|2|5|66|76.9|87|||||||12|18|27|0|0|0|0|0.25|0.5||||1.4|1.5|1.6||||1.47|1.57|1.63||4.23|9.17|14.11|0.19|0.22|0.26||||17.3|26.8|31|7.2|11.1|16.9|37|41|45|0|1.5|2.9|22|28|38|7|12|19|4|10|20|".55"|".55"|5|18|30|0|0|0|0|0|0|0|0|0|9|15.5|22|||||||7.4|8|8.4|||||||||||||||||||||||||||||||||"12574693"|"35936106"
"H1"||"H"||1||0|||56|||56||0|0|0|0|0|0|100|100|100|100|100|100|97|99|100|94|99|100|1|1.7|7|0|0.3|1|0.1|0.3|2|0.1|0.1|2|0.1|0.1|2|0.5|0.9|5|58|67.3|72|||||||27|31|35|0|0|0|4|5|6||||1.05|1.15|1.25||||1.21|1.31|1.37||4.23|9.17|14.11|0.21|0.23|0.24||||27.8|32.5|34.1|16.5|19.3|22|48|52|56|3|4.5|5.9|45|51|57|18|21|24|19|25|30|".24"|".24"|15|25|40|0|0|0|0|0|0|0|0|0|24|28.5|33|||||||7.4|7.9|8.4|||||||||||||||||||||||||||||||||"12574692"|"35936099"
"H2"||"H"||2||56|||97|||41||0|0|0|0|0|0|100|100|100|100|100|100|96|99|100|93|98|100|1|3|7|0|0.5|1|0.1|0.6|2|0.1|0.3|2|0.1|0.4|2|0.5|1.2|5|58|66|72|||||||27|31|35|0|0|0|0.5|1.25|2||||1.2|1.35|1.5||||1.39|1.54|1.6||4.23|9.17|14.11|0.18|0.2|0.22||||26.6|31.9|33.6|15.2|18.2|21.2|41|46|52|3|4.5|5.9|38|43|49|19|22|25|18|23|28|".43"|".43"|5|15|35|0|0|0|0|0|0|0|0|0|17|21|25|||||||7.4|7.9|8.4|||||||||||||||||||||||||||||||||"12574692"|"35936100"
"H3"||"H"||3||97|||113|||16||0|0|0|0|0|0|100|100|100|100|100|100|97|99|100|95|98|100|1|2.5|7|0|0.3|1|0.1|0.5|2|0.1|0.1|2|0.1|0.3|2|0.5|1.3|5|66|66.5|75|||||||22|31|35|0|0|0|0.5|0.75|1||||1.25|1.4|1.55||||1.45|1.6|1.66||4.23|9.17|14.11|0.17|0.2|0.22||||22.6|31.9|33.4|13|18.3|20.8|39|44|50|3|4.5|5.9|33|42|47|15|22|25|13|23|28|".43"|".43"|5|15|35|0|0|0|0|0|0|0|0|0|14|18.5|23|||||||7.4|7.9|8.4|||||||||||||||||||||||||||||||||"12574692"|"35936101"
"H4"||"H"||4||113|||203|||90||0|0|0|0|0|0|100|100|100|100|100|100|97|100|100|95|99|100|1|1.3|7|0|0|1|0.1|0.1|2|0.1|0.2|2|0.1|0.2|2|0.5|0.8|5|66|75.7|79|||||||20|23|27|0|0|0|0|0.25|0.5||||1.3|1.43|1.55||||1.37|1.5|1.56||4.23|9.17|14.11|0.2|0.21|0.22||||24.3|28.6|30.5|11.4|13.5|16.1|39|44|48|0|1.5|2.9|29|33|38|13|15|19|11|14|20|".49"|".49"|10|25|40|0|0|0|0|0|0|0|0|0|12|14.5|17|||||||7.4|7.9|8.4|||||||||||||||||||||||||||||||||"12574692"|"35936102"
"Ap"||"A"|||0|0|0|18|18|24||18||0|0|0|0|0|0|100|100|100|98|98|100|94|98|100|87|92|100|2|8|15|0|0.1|1|0|0.2|2|0|1|3|0|3.6|6|1|3.1|6|47|58|68|||||||30|34|38|0|0|0|2|3|4||||1.35|1.45|1.55||||1.56|1.66|1.73||1.41|2.82|4.23|0.14|0.17|0.2||||32.5|34.5|36.6|19.7|23.2|27|37|40|45|3|4.5|5.9|43|50|56|21|24|27|19|25|32|".28"|".28"|0|0|0|0|0|0|0|0|0|0|0|2|16.2|18.4|20.6||||10|16.7|20.5|5.6|6.8|7.3||||||||||2.8|5.2|10|||||||||||||||||||||"12574720"|"35936194"
"Bt1"||"B"||1|18|18|24|51|76|99||58||0|0|0|0|0|0|100|100|100|98|98|100|92|97|100|85|93|100|1|7|15|0|0.2|1|0|0.4|2|0|1.2|3|0|2.7|6|1|2.5|6|30|45|59|||||||40|48|55|0|0|0|0.5|0.8|1.5||||1.4|1.5|1.6||||1.77|1.87|1.94||0.42|0.92|1.41|0.1|0.12|0.15||||30.7|33.1|35.7|22.4|27.1|32|37|40|44|6|7.5|8.9|50|59|67|29|35|40|25|36|47|".28"|".28"|0|0|0|0|0|0|0|0|0|0|0|2|21|25.4|29.3||||15.6|24.4|28.3|5.6|6.6|7.3||||||||||2.8|5.9|10.1|||||||||||||||||||||"12574720"|"35936195"
"2Bt2"|2|"B"||2|51|76|99|89|122|130||46||0|0|0|0|0|1|97|98|100|90|95|100|83|94|100|76|89|100|1|8|20|0|0.2|1|0|0.4|2|0|1.2|3|0|3.3|8|1|2.9|8|25|48|59|||||||40|44|55|0|0|0|0.1|0.4|1||||1.5|1.55|1.65||||1.73|1.78|1.85||0.42|0.92|1.41|0.08|0.1|0.13||||28.7|31.3|35.6|20.8|24.1|31.7|33|38|41|3|4.5|5.9|48|53|64|28|32|40|20|30|46|".37"|".37"|2|10|20|0|0|0|0|0|0|0|0|2|16|19.2|24.7||||25|47|54|7.4|7.7|8.4||||||||||0|1.2|3.6|||||||||||||||||||||"12574720"|"35936196"
"2Cd"|2|"C"|||89|122|130|152|152|200||30||0|0|0|0|1|2|96|98|100|86|95|100|79|95|100|71|89|100|1|8|20|0|0.2|1|0|0.5|2|0|1.3|3|0|3.2|8|1|2.8|8|25|50|61|||||||38|42|55|0|0|0|0|0.2|0.5||||1.7|1.75|1.85||||1.96|2.01|2.09||0.14|0.28|0.42|0|0.03|0.05||||23.8|29.6|32|17.8|21.5|29.6|25|31|34|3|4.5|5.9|46|51|63|27|30|40|17|28|45|".37"|".37"|15|23|30|0|0|0|0|0|0|0|0|2|14.1|17.6|23.2||||42|47|52|7.9|8|8.4||||||||||0|0|1.5|||||||||||||||||||||"12574720"|"35936197"
"2Cg"|2|"C"|||76|147|165|152|168|200||21||0|0|1|0|1|4|94|97|100|85|92|100|78|91|100|71|86|100|2|8|18|0|0.3|1|0|0.5|2|0|1.4|5|0.5|3.4|8|0.2|2.4|8|27|45|60|||||||38|47|55|0|0|0|0|0.3|0.7||||1.55|1.68|1.75||||1.8|1.93|2.02||0.14|0.28|0.42|0.01|0.04|0.07||||25.2|30|34.2|16.6|22.7|28.7|28|33|39|3|4.5|5.9|46|55|64|27|34|40|17|31|46|".32"|".32"|10|18|25|0|0|0|0|0|0|0|0|2|12|20|29||||30|39|53|7.4|8|8.4||||||||||0|0.3|3.1|||||||||||||||||||||"12574719"|"35936190"
"Btg"||"B"|||25|33|46|46|114|140||81||0|0|0|0|0|1|96|98|100|93|96|100|87|95|100|80|90|100|2|8|18|0|0.3|0.5|0|0.5|1.5|0|1.2|4|0.5|3.5|8|0.2|2.5|8|30|45|56|||||||42|47|52|0|0|0|0.5|1.7|3||||1.35|1.46|1.55||||1.71|1.82|1.9||0.42|0.92|1.41|0.1|0.13|0.16||||30.1|32.9|35.7|22.5|27.1|31.9|36|41|46|6|7.5|8.9|52|60|67|30|34|38|24|34|45|".28"|".28"|0|0|5|0|0|0|0|0|0|0|0|2|23|28|33||||20.9|26|46|6.1|6.4|7.8||||||||||1.3|6.1|8|||||||||||||||||||||"12574719"|"35936191"
"Ap"||"A"|||0|0|0|25|33|46||33||0|0|0|0|0|0|100|100|100|100|100|100|95|99|100|89|93|100|2|8|15|0|0.2|0.5|0|0.5|1|0|1.3|3|0.5|3.5|6|0.2|2.5|6|40|48|58|||||||40|44|50|0|0|0|4|5.5|7||||1.3|1.4|1.5||||1.64|1.74|1.81||1.41|2.82|4.23|0.1|0.11|0.18||||33|34.8|37|26.3|30.1|34.9|37|41|45|6|7.5|8.9|58|65|74|28|31|36|28|35|46|".17"|".17"|0|0|0|0|0|0|0|0|0|0|0|2|30|36|41||||24.9|33|43.5|5.6|6.2|7.3||||||||||4.7|8.9|11.6|||||||||||||||||||||"12574719"|"35936192"
"2BCg"|2|"BC"|||46|114|140|76|147|165||33||0|0|1|0|1|3|95|98|100|87|95|100|80|94|100|72|89|100|2|8|18|0|0.3|1|0|0.5|2|0|1.4|5|0.5|3.4|8|0.5|2.4|8|22|44|58|||||||40|48|60|0|0|0|0.1|0.5|1||||1.5|1.6|1.65||||1.9|2|2.09||0.14|0.28|0.42|0.05|0.08|0.11||||26|30.4|34.8|17.3|22.9|30.1|32|36|41|6|7.5|8.9|50|58|70|29|35|44|20|34|51|".32"|".32"|0|0|15|0|0|0|0|0|0|0|0|2|18|26|32||||18|26.5|52|6.6|7.4|8.4||||||||||0|2.7|5.8|||||||||||||||||||||"12574719"|"35936193"
"H1"||"H"||1||0|||48|||||0|0|0|0|0|0|100|100|100|100|100|100|95|99|100|91|95|99||6.9|||0.4|||0.6|||0.9|||2.2|||2.8|||62.1||||||||27|31|35||||4|4.5|5||||1.2|1.3|1.4|||||1.48|||4.23|9.17|14.11|0.21|0.22|0.23|||||33.6|||21.2|||47||3|4.5|5.9|30|40|50|15|22.5|30||||".20"|".20"|0|0|0|0|0|0|0|0|0|0|0|0|24|27.5|31|||||||6.1|7|7.8|||||||||||||||||||||||||||||||||"12574682"|"35936071"
"H2"||"H"||2||48|||84|||||0|0|0|0|0|0|100|100|100|100|100|100|95|99|100|91|95|99||6.9|||0.4|||0.6|||0.9|||2.2|||2.8|||62.1||||||||27|31|35||||1|2|3||||1.2|1.3|1.4|||||1.48|||4.23|9.17|14.11|0.21|0.22|0.23|||||32|||18.4|||48||3|4.5|5.9|30|40|50|15|22.5|30||||".37"|".37"|0|0|0|0|0|0|0|0|0|0|0|0|17|22|27|||||||6.1|7|7.8|||||||||||||||||||||||||||||||||"12574682"|"35936072"
"H3"||"H"||3||84|||152|||||0|0|0|0|0|0|100|100|100|100|100|100|94|99|100|90|95|100||6.9|||0.4|||0.6|||0.9|||2.2|||2.8|||63.1||||||||25|30|35||||0|1|2||||1.3|1.38|1.45|||||1.57|||4.23|9.17|14.11|0.17|0.19|0.2|||||31.6|||17.8|||45||3|4.5|5.9|25|37.5|50|8|16.5|25||||".43"|".43"|0|5|10|0|0|0|0|0|0|0|0|0|16|20.5|25|||||||6.1|7|7.8|||||||||||||||||||||||||||||||||"12574682"|"35936073"
"H4"||"H"||4||152|||203|||||0|0|0|0|0|0|100|100|100|100|100|100|90|99|100|86|94|100||7.3|||0.4|||0.6|||1|||2.3|||3|||66.2||||||||18|26.5|35||||0|0.5|1||||1.35|1.43|1.5|||||1.63|||4.23|9.17|14.11|0.15|0.17|0.19|||||30.3|||15.8|||44||3|4.5|5.9|20|35|50|8|19|30||||".49"|".49"|0|15|30|0|0|0|0|0|0|0|0|0|11|16.5|22|||||||6.1|7.3|8.4|||||||||||||||||||||||||||||||||"12574682"|"35936074"
"H1"||"H"||1||0|||18|||||0|0|0|0|0|0|100|100|100|100|100|100|95|100|100|90|94|99||9.5|||0|||0|||0.2|||2.6|||6.7|||68||||||||18|22.5|27||||2|3|4||||1.4|1.5|1.6|||||1.57|||4.23|9.17|14.11|0.22|0.23|0.24|||||31.5|||17.6|||40||0|1.5|2.9|30|35|40|5|10|15||||".32"|".32"|0|0|0|0|0|0|0|0|0|0|0|0|13|17.5|22|||||||5.6|6.7|7.8|||||||||||||||||||||||||||||||||"12574681"|"35936068"
"H2"||"H"||2||18|||89|||||0|0|0|0|0|0|100|100|100|100|100|100|95|100|100|90|94|99||9.5|||0|||0|||0.2|||2.6|||6.7|||68||||||||18|22.5|27||||0|1|2||||1.4|1.5|1.6|||||1.57|||4.23|9.17|14.11|0.2|0.21|0.22|||||29.7|||14.9|||41||0|1.5|2.9|25|30|35|5|10|15||||".49"|".49"|0|0|0|0|0|0|0|0|0|0|0|0|10|13|16|||||||6.1|7|7.8|||||||||||||||||||||||||||||||||"12574681"|"35936069"
"H3"||"H"||3||89|||203|||||0|0|0|0|0|0|100|100|100|100|100|100|94|100|100|89|95|100||8.7|||0|||0|||0.2|||2.4|||6.1|||61.8||||||||24|29.5|35||||0|0.5|1||||1.35|1.45|1.55|||||1.65|||4.23|9.17|14.11|0.18|0.19|0.2|||||31.6|||17.7|||43||3|4.5|5.9|35|42.5|50|15|20|25||||".43"|".43"|0|0|0|0|0|0|0|0|0|0|0|0|12|15.5|19|||||||6.6|7.2|7.8|||||||||||||||||||||||||||||||||"12574681"|"35936070"
"H1"||"H"||1||0|||48|||||0|0|0|0|0|0|100|100|100|100|100|100|95|99|100|91|95|99||6.9|||0.4|||0.6|||0.9|||2.2|||2.8|||62.1||||||||27|31|35||||4|4.5|5||||1.2|1.3|1.4|||||1.48|||4.23|9.17|14.11|0.21|0.22|0.23|||||33.6|||21.2|||47||3|4.5|5.9|30|40|50|15|22.5|30||||".20"|".20"|0|0|0|0|0|0|0|0|0|0|0|0|24|27.5|31|||||||6.1|7|7.8|||||||||||||||||||||||||||||||||"12574680"|"35936064"
"H2"||"H"||2||48|||84|||||0|0|0|0|0|0|100|100|100|100|100|100|95|99|100|91|95|99||6.9|||0.4|||0.6|||0.9|||2.2|||2.8|||62.1||||||||27|31|35||||1|2|3||||1.2|1.3|1.4|||||1.48|||4.23|9.17|14.11|0.21|0.22|0.23|||||32|||18.4|||48||3|4.5|5.9|30|40|50|15|22.5|30||||".37"|".37"|0|0|0|0|0|0|0|0|0|0|0|0|17|22|27|||||||6.1|7|7.8|||||||||||||||||||||||||||||||||"12574680"|"35936065"
"H3"||"H"||3||84|||152|||||0|0|0|0|0|0|100|100|100|100|100|100|94|99|100|90|95|100||6.9|||0.4|||0.6|||0.9|||2.2|||2.8|||63.1||||||||25|30|35||||0|1|2||||1.3|1.38|1.45|||||1.57|||4.23|9.17|14.11|0.17|0.19|0.2|||||31.6|||17.8|||45||3|4.5|5.9|25|37.5|50|8|16.5|25||||".43"|".43"|0|5|10|0|0|0|0|0|0|0|0|0|16|20.5|25|||||||6.1|7|7.8|||||||||||||||||||||||||||||||||"12574680"|"35936066"
"H4"||"H"||4||152|||203|||||0|0|0|0|0|0|100|100|100|100|100|100|90|99|100|86|94|100||7.3|||0.4|||0.6|||1|||2.3|||3|||66.2||||||||18|26.5|35||||0|0.5|1||||1.35|1.43|1.5|||||1.63|||4.23|9.17|14.11|0.15|0.17|0.19|||||30.3|||15.8|||44||3|4.5|5.9|20|35|50|8|19|30||||".49"|".49"|0|15|30|0|0|0|0|0|0|0|0|0|11|16.5|22|||||||6.1|7.3|8.4|||||||||||||||||||||||||||||||||"12574680"|"35936067"
"Cg"||"C"|||102|119|150|152|152|152||33||0|0|0|0|0|0|100|100|100|100|100|100|98|100|100|96|99|100|1|1.3|7|0|0|1|0.1|0.1|2|0.1|0.2|2|0.1|0.2|2|0.5|0.8|5|69.3|75.8|79|||||||20|22.9|27|0|0|0|0|0.1|0.5||||1.38|1.38|1.41||||1.49|1.49|1.53||4.23|9.17|14.11|0.19|0.21|0.26||||26.7|28.1|30.1|11|12.8|15.5|44|45|45|2.1|2.7|3.6|30|33|38|13|16|19|11|15|20|".49"|".49"|0|10|20|0|0|0|0|0|0|0|1|2|14.2|17.1|21.2||||13.7|18.6|60.2|7.4|7.8|8.4||||||||||0|0.5|2.2|||||||||||||||||||||"12574783"|"35936420"
"Ap"||"A"|||0|0|0|31|58|61||58||0|0|0|0|0|0|100|100|100|100|100|100|97|100|100|95|99|100|1|1.7|7|0|0.1|1|0.1|0.2|2|0.1|0.2|2|0.1|0.2|2|0.5|1|5|59.3|66.3|72|||||||27|32|35|0|0|0|4.5|4.5|6||||1.25|1.3|1.34||||1.45|1.5|1.53||4.23|9.17|14.11|0.17|0.19|0.22||||32.5|33.9|35.6|19.3|21.7|24.9|44|46|48|3.8|4.8|5.5|46|51|57|18|22|24|20|26|30|".24"|".24"|0|0|0|0|0|0|0|0|0|0|1|2|23.1|26.9|29.5||||19.3|24.2|29.3|5.6|6|7.3||||||||||4.1|8.1|12|||||||||||||||||||||"12574783"|"35936421"
"Btg1"||"B"||1|31|58|61|71|97|100||39||0|0|0|0|0|0|100|100|100|100|100|100|97|99|100|94|98|100|1|3|7|0|0.3|1|0.1|0.3|2|0.1|0.3|2|0.1|0.4|2|0.5|1.7|5|59|66|72|||||||27|31|35|0|0|0|0.5|0.68|1.5||||1.41|1.42|1.43||||1.61|1.62|1.66||4.23|9.17|14.11|0.13|0.14|0.21||||30.4|32|33.9|16|18.5|21.7|43|44|44|3.6|4.4|5.3|38|42|48|19|22|25|18|23|28|".43"|".43"|0|0|0|0|0|0|0|0|0|0|1|2|21.2|24.3|27.9||||20.1|23.9|26.9|6.1|7.2|7.3||||||||||1|3.2|6.9|||||||||||||||||||||"12574783"|"35936422"
"Btg2"||"B"||2|71|97|100|102|119|150||22||0|0|0|0|0|0|100|100|100|100|100|100|98|100|100|96|98|100|1|2.5|7|0|0.1|1|0.1|0.2|2|0.1|0.2|2|0.1|0.3|2|0.5|1.7|5|66.4|70.9|75|||||||24|26.6|27|0|0|0|0.1|0.3|0.5||||1.43|1.46|1.48||||1.59|1.62|1.62||4.23|9.17|14.11|0.13|0.15|0.23||||29.1|30.4|30.7|14.1|15.9|16.4|42|42|44|2.9|3.5|3.6|34|37|38|16|18|19|15|18|20|".49"|".49"|0|0|5|0|0|0|0|0|0|0|1|2|17.9|20.5|21.2||||17.1|22|60.2|6.6|7.6|7.8||||||||||0.6|1.5|4.4|||||||||||||||||||||"12574783"|"35936423"
"Ap"||"A"|||0|0|0|13|25|33||25||0|0|0|0|0|0|100|100|100|100|100|100|96|99|100|91|96|100|1.7|5|7|0|0.3|1|0.1|0.5|2|0.1|0.5|2|0.5|1.6|2|1|2.1|3|66|70|78.6|||||||15|25|27|0|0|0|3.5|4.25|5||||1.25|1.35|1.45||||1.38|1.48|1.5|2.55|4.23|9.17|14.11|0.22|0.23|0.24||||27.9|32.1|33.3|12.5|18.7|20.6|41|45|48|1.5|3.2|3.6|33|44|47|9|17|18|8|19|22|".32"|".32"|0|0|0|0|0|0|0|0|0|0|1|2|13.5|21.1|22.6||||10.3|18.8|22.1|5.6|5.8|7.3||||||||||2.6|7.9|8.9|||||||||||||||||||||"12574782"|"35936415"
"Btg2"||"B"||2|70|79|90|100|127|150||48||0|0|0|0|0|0|100|100|100|100|100|100|97|99|100|92|96|100|1.7|5|7|0|0.3|1|0.1|0.5|2|0.1|0.5|2|0.5|1.6|2|1|2.1|3.2|58|64|70.6|||||||27|31|35|0|0|0|0.1|0.3|0.5||||1.35|1.45|1.55||||1.54|1.64|1.72|2.6|4.23|9.17|14.11|0.18|0.19|0.21||||30.3|31.9|33.5|15.8|18.4|20.9|38|42|46|3.3|4.1|5.9|37|41|46|19|22|25|17|22|27|".43"|".43"|0|0|5|0|0|0|0|0|0|0|1|2|19.9|23.2|26.2||||17.5|24.7|65.2|6.6|7.6|7.8||||||||||0.8|1.8|5|||||||||||||||||||||"12574782"|"35936416"
"Btg1"||"B"||1|40|46|49|70|79|90||33||0|0|0|0|0|0|100|100|100|100|100|100|97|99|100|93|96|100|1.7|5|7|0|0.3|1|0.1|0.5|2|0.1|0.5|2|0.5|1.6|2|1|2.1|3|50.4|58|63.3|||||||35|37|45|0|0|0|0.5|1|1.5||||1.3|1.4|1.5||||1.59|1.69|1.79|2.58|1.41|2.82|4.23|0.15|0.16|0.18||||33|34|36.6|20.2|21.9|26.9|40|43|47|5.9|6.5|8.6|46|49|58|25|26|33|25|27|38|".37"|".37"|0|0|0|0|0|0|0|0|0|0|1|2|26.2|28.1|33.8||||24.6|26.3|33.6|5.6|6.1|7.3||||||||||3|6.7|8.9|||||||||||||||||||||"12574782"|"35936417"
"A"||"A"|||13|25|33|40|46|49||21||0|0|0|0|0|0|100|100|100|100|100|100|97|99|100|92|96|100|1.7|5|7|0|0.3|1|0.1|0.5|2|0.1|0.5|2|0.5|1.6|2|1|2.1|3.5|58|62|68.8|||||||27|33|35|0|0|0|1.5|2.5|3.5||||1.2|1.3|1.4||||1.4|1.5|1.56|2.56|4.23|9.17|14.11|0.18|0.19|0.21||||30.3|32.9|34.1|15.8|20|22.1|43|47|50|3.5|4.8|6.2|40|48|52|19|23|25|18|25|29|".37"|".37"|0|0|0|0|0|0|0|0|0|0|1|2|21.7|26.3|28||||18.3|22.5|27.8|5.6|5.8|7.3||||||||||2.9|7.9|8.9|||||||||||||||||||||"12574782"|"35936418"
"Cg"||"C"|||100|127|150|152|152|152||25||0|0|0|0|0|0|100|100|100|100|100|100|96|99|100|91|96|100|1.7|5|7|0|0.3|1|0.1|0.5|2|0.1|0.5|2|0.5|1.6|2|1|2.1|3|66|74|82.6|||||||15|21|27|0|0|0|0|0.25|0.5||||1.4|1.5|1.6||||1.51|1.61|1.66|2.62|4.23|9.17|14.11|0.19|0.21|0.26||||24.8|28.2|31|9|12.9|16.9|37|41|44|1.3|2.3|3.4|25|31|38|9|14|19|6|12|20|".49"|".49"|0|8|15|0|0|0|0|0|0|0|1|2|11.3|16.5|21||||11.3|18|60|7.4|8.2|8.4||||||||||0|0|2.2|||||||||||||||||||||"12574782"|"35936419"
"Ap"||"A"|||0|0|0|25|30|51||30||0|0|0|0|0|0|100|100|100|100|100|100|95|98|100|89|93|98|1|8|15|0|0.5|1.5|0|1|2|0|1.4|3|0.5|2.8|6|0.5|2.3|5|45|55|64||19|||36||35|37|40|0|0|0|3|5|8||||1.2|1.35|1.45||||1.53|1.68|1.74||1.41|2.82|4.23|0.16|0.17|0.21||||34.3|36|38.3|22.4|25.7|30.7|40|43|49|6|7.5|8.9|51|58|67|25|26|28|24|29|36|".20"|".20"|0|0|0|0|0|0|0|0|0|0|0|2|28.7|30.8|33.6||||20|29.8|41.6|5.6|7|7.5||||||||||4.2|5.9|11.1|||||||||||||||||||||"12574743"|"35936278"
"Bg1"||"B"||1|25|30|51|38|74|102||44||0|0|0|0|0|0|100|100|100|96|100|100|91|98|100|85|93|99|2|8|15|0|0.5|1.5|0.1|1|2|0.3|1.7|3|0.7|2.5|7|0.5|2.3|5|43|51|63||17|||34||35|41|42|0|0|0|0.5|1.25|2.5||||1.3|1.4|1.5||||1.64|1.74|1.81||1.41|2.82|4.23|0.11|0.14|0.17||||28.6|31.5|32.6|19.1|23.6|25.6|39|44|48|6|7.5|8.9|46|54|58|25|30|30|22|31|35|".32"|".32"|0|0|5|0|0|0|0|0|0|0|0|2|26.7|32|33.6||||22|30.6|63|6.1|6.8|7.8||||||||||1.7|5.3|7.8|||||||||||||||||||||"12574743"|"35936279"
"2Bg2"|2|"B"||2|38|74|102|76|137|152||63||0|0|0|0|0|1|95|98|100|82|94|98|76|92|98|69|87|97|5|9|20|0|0.5|1.5|0|1|2|1|1.9|5|1|2.8|8|1|2.8|6|40|58|65||18|||40||30|33|42|0|0|0|0.1|0.3|1||||1.5|1.6|1.7||||1.74|1.84|1.92||1.41|2.82|4.23|0.09|0.12|0.15||||27.7|32.5|36.7|16.8|20.7|27.9|29|36|41|3|4.5|5.9|39|43|53|21|23|30|12|20|32|".43"|".43"|0|0|15|0|0|0|0|0|0|0|0|2|13|18.5|24||||11.9|18.4|63|6.6|7.3|7.8||||||||||0|2.1|4.9|||||||||||||||||||||"12574743"|"35936280"
"2Cg"|2|"C"|||76|137|152|152|152|200||15||0|0|0|0|0|1|96|98|100|81|94|98|75|92|98|69|87|96|5|9|20|0|0.5|2|0|1|3|1|1.9|5|1|2.8|8|1|2.8|6|45|61|68||20|||41||27|30|35|0|0|0|0|0.25|1||||1.55|1.65|1.75||||1.8|1.9|1.98||1.41|2.82|4.23|0.07|0.11|0.15||||25.8|31.8|34.9|15.3|19.4|24.2|28|34|39|3|4.5|5.9|37|41|47|19|21|25|11|18|26|".43"|".43"|10|18|25|0|0|0|0|0|0|0|0|2|11|16.5|22||||49.7|55.2|61|7.4|7.9|8.4||||||||||0|0.2|2.5|||||||||||||||||||||"12574743"|"35936281"
"Ap"||"A"|||0|0|0|25|30|43||30||0|0|0|0|0|0|100|100|100|100|100|100|96|99|100|91|96|100|1|5|10|0|0.2|1|0|0.6|1.5|0.1|1|2.5|0.2|1.2|4|0.3|2|5|55|65|72||26|||39||27|30|35|0|0|0|3.5|4.3|5||||1.25|1.35|1.5||||1.4|1.5|1.56||4.23|9.17|14.11|0.16|0.18|0.2||||25.7|30.6|35.7|12.9|17.3|22.5|29|39|46|2.4|3.6|5|44|48|55|18|20|24|18|22|29|".28"|".28"|0|0|0|0|0|0|0|0|0|0|0|2|15.3|22|28.4||||12.5|21.7|29.2|6.1|7.1|7.3|5.9|6.9|7.1|||||||2.8|4.4|8.1|||||||||||||||||||||"12574742"|"35936274"
"Btg"||"B"|||25|30|43|51|81|102||51||0|0|0|0|0|0|100|100|100|100|100|100|95|99|100|91|96|100|1|5|10|0|0.2|1|0|0.6|1.5|0.1|1|2.5|0.2|1.2|4|0.3|2|5|45|58|64||23|||35||35|37|45|0|0|0|0.5|1|1.5||||1.3|1.4|1.6||||1.5|1.6|1.71||1.41|2.82|4.23|0.14|0.16|0.19||||26.2|31|35.9|15.4|19.6|24|29|40|46|2.6|4.6|6.9|44|48|57|25|27|32|23|28|37|".37"|".37"|0|0|0|0|0|0|0|0|0|0|0|2|14.6|25|34.2||||10.9|24.5|33.9|5.8|7|7.3|5.6|6.8|7.1|||||||1.7|3.9|8.4|||||||||||||||||||||"12574742"|"35936275"
"2C"|2|"C"|||64|91|114|152|152|200||61||0|0|0|0|1|2|94|97|100|85|94|98|79|92|98|72|86|96|5|10|20|0|0.8|2|0|1|3|1|2.5|6|1|3|7|1|2.7|6|45|61|71||18|||43||24|29|35|1|3|5|0|0.2|0.5||||1.6|1.73|1.85||||1.69|1.82|1.88||0.42|0.92|1.41|0.07|0.1|0.12||||16.4|21.8|26.5|12|15|20|19|25|32|0.8|1.6|2.7|31|37|44|14|19|24|8|15|24|".49"|".49"|15|25|40|0|0|0|0|0|0|0|0|2|6.9|11|15.3||||15.6|49.7|54.3|7.6|8.2|8.4|7.4|8|8.2|||||||0|0|1|||||||||||||||||||||"12574742"|"35936276"
"2Bt"|2|"B"|||51|81|102|64|91|114||10||0|0|0|0|0|3|95|98|100|87|95|98|80|93|98|73|87|97|5|10|20|0|0.8|2|0|1|3|1|2.5|6|1|3|7|1|2.7|6|42|58|70||17|||41||25|32|38|0|2|4|0.2|0.6|1||||1.55|1.65|1.75||||1.68|1.78|1.86||1.41|2.82|4.23|0.11|0.14|0.17||||19.6|25.7|32.2|12.5|17|21|24|31|38|1.2|2.4|3.9|33|41|49|15|21|27|9|18|29|".43"|".43"|0|8|15|0|0|0|0|0|0|0|0|2|9.6|15|21||||8.7|53.7|60|6.6|7.4|8.2|6.4|7.2|8|||||||0|1.5|4.5|||||||||||||||||||||"12574742"|"35936277"
"Ap"||"A"|||0|0|0|25|53|61||53||0|0|0|0|0|0|100|100|100|100|100|100|96|99|100|91|95|100|1|6|10|0|0.1|0.3|0|0.3|0.7|0|1.1|3|0|2|5|0|2.5|5|55|63|72|||||||27|31|35|0|0|0|4|5.5|7||||1.2|1.3|1.4||||1.32|1.42|1.45||4.23|9.17|14.11|0.16|0.19|0.22||||32.1|34.3|36.1|18.7|22.4|26|41|45|49|2.5|3.1|3.8|45|51|58|18|21|24|18|24|30|".24"|".24"|0|0|0|0|0|0|0|0|0|0|0|2|24|29.5|32.5||||21.2|25.9|32.4|5.6|6|7.3|5.3|5.7|7|||||||4|8.7|10.7|||||||||||||||||||||"12574741"|"35936270"
"Btg1"||"B"||1|25|53|61|102|112|152||59||0|0|0|0|0|0|100|100|100|100|100|100|95|99|100|89|95|100|1|6|10|0|0.1|0.3|0|0.3|0.7|0|1.1|3|0|2|5|0|2.5|5|52|62|74|||||||25|32|38|0|0|0|0.3|1.1|2||||1.25|1.35|1.45||||1.44|1.54|1.6||4.23|9.17|14.11|0.15|0.18|0.21||||28.9|32.1|34.5|13.9|18.6|22.8|42|46|50|2.9|4.4|5.8|35|44|52|17|22|27|14|22|31|".37"|".37"|0|0|5|0|0|0|0|0|0|0|0|2|17|23.5|29||||14.5|23|68|6.1|7|7.8|5.8|6.7|7.5|||||||0.6|3.8|7.2|||||||||||||||||||||"12574741"|"35936271"
"2Btg2"|2|"B"||2|102|112|152|114|175|191||63||0|0|0|0|0|0|97|98|100|85|93|98|76|91|98|64|81|97|2|16|30|0|0.5|2|0|1|3|1|4|10|1|6|15|0|4.5|10|33|55|78|||||||20|29|37|0|0|1|0.2|0.5|0.8||||1.4|1.5|1.6||||1.57|1.67|1.75||4.23|7.52|14.11|0.12|0.15|0.18||||25.2|30.5|34.3|11.2|17.3|23|34|39|44|1.9|3.5|5.1|30|40|48|13|20|26|5|15|28|".37"|".37"|0|7|15|0|0|0|0|0|0|0|0|2|14|20.5|26||||12.7|59.2|65|6.6|7.6|7.8|6.3|7.3|7.5|||||||0.2|1.6|5|||||||||||||||||||||"12574741"|"35936272"
"2C"|2|"C"|||114|175|191|152|200|200||25||0|0|0|0|1|3|95|97|100|84|92|98|75|90|98|63|80|97|2|16|30|0|0.5|2|0|1|3|1|4|10|1|6|15|0|4.5|10|35|56|80|||||||18|28|35|0|0|2|0|0.3|0.6||||1.45|1.6|1.65||||1.62|1.77|1.85||1.41|2.82|4.23|0.09|0.12|0.15||||23.8|30.2|34.3|10.1|17.3|22.9|31|35|42|1.4|3.2|4.7|27|38|46|11|19|25|4|14|26|".43"|".43"|5|17|30|0|0|0|0|0|0|0|0|2|12|19.5|24||||45.3|58.2|63|7.4|8|8.4|7.1|7.7|8.1|||||||0|0.3|2.5|||||||||||||||||||||"12574741"|"35936273"
"Ap"||"A"|||0|0|0|25|33|61||33||0|0|0|0|0|0|100|100|100|100|100|100|95|99|100|90|96|100|1|5|10|0|0.3|1|0|0.5|1|0|0.9|3|0.5|1.5|4|0.5|1.8|5|50|59|70||25|||34||29|36|40|0|0|0|4|5.5|6.5||||1.2|1.3|1.4||||1.43|1.53|1.59||4.23|7.52|14.11|0.15|0.18|0.21||||32.7|35.5|37|19.7|24.8|27.9|41|45|49|3.2|5.6|6.9|47|57|63|20|25|28|20|29|35|".24"|".24"|0|0|0|0|0|0|0|0|0|0|0|2|23.9|29.1|32||||20.1|28.3|31.6|6.1|7|7.3|5.8|6.7|7|||||||4|5.9|9.1|||||||||||||||||||||"12574717"|"35936186"
"Btg1"||"B"||1|25|33|61|76|107|127||74||0|0|0|0|0|0|100|100|100|100|100|100|96|99|100|91|96|100|1|5|10|0|0.2|1|0|0.3|1|0|0.9|3|0.5|1.6|4|0.5|2|5|45|54|64||23|||31||35|41|45|0|0|0|0.4|1.2|2||||1.3|1.42|1.5||||1.64|1.76|1.82||1.41|2.82|4.23|0.12|0.15|0.18||||29.2|31.6|33.2|19.5|23.7|26.7|40|43|48|5.9|7.5|8.7|46|54|59|25|30|33|24|32|38|".32"|".32"|0|0|5|0|0|0|0|0|0|0|0|2|26|30.9|34.1||||24.5|29.3|73.1|6.1|7|7.8|5.8|6.7|7.5|||||||1.6|4.6|7.7|||||||||||||||||||||"12574717"|"35936187"
"2Btg2"|2|"B"||2|76|107|127|102|173|178||66||0|0|0|0|0|1|95|98|100|87|95|100|80|94|100|73|89|100|2|8|15|0|0.3|1|0|0.5|2|0.4|1.2|5|0.8|3.5|7|0.7|2.5|6|25|41|58||11|||30||40|51|60|0|0|0|0.1|0.4|0.8||||1.45|1.55|1.6||||1.63|1.73|1.84||0.42|0.92|1.41|0.08|0.1|0.13||||28.2|33.1|36.7|20.4|27.9|34.2|34|38|43|2.1|3.6|5.7|47|58|68|28|36|44|19|34|51|".28"|".28"|0|8|15|0|0|0|0|0|0|0|0|2|11.8|16.6|23.6||||10.8|55.3|62.6|6.6|7.8|8.2|6.3|7.5|7.9|||||||0|0.6|4.8|||||||||||||||||||||"12574717"|"35936188"
"2Cg"|2|"C"|||102|173|178|152|200|200||27||0|0|0|0|1|3|94|98|100|85|94|100|78|92|100|71|87|100|2|8|15|0|0.7|1|0|1|2|0.4|1.4|5|0.8|2.9|7|0.7|2|6|25|43|58||12|||31||40|49|60|0|0|0|0|0.3|0.5||||1.55|1.65|1.78||||1.72|1.82|1.91||0.14|0.42|1.41|0.03|0.05|0.08||||25.9|30.7|35|17.5|23.6|30.4|27|34|39|1.7|3.2|4.8|47|56|67|28|35|43|18|32|49|".28"|".28"|5|18|30|0|0|0|0|0|0|0|0|2|9.6|15.5|19.9||||42.9|54.2|58.9|7.4|7.9|8.4|7.1|7.6|8.1|||||||0|0.1|2.1|||||||||||||||||||||"12574717"|"35936189"
"Akp"||"A"|||0|0|0|25|46|61||46||0|0|0|0|0|0|100|100|100|96|100|100|90|99|100|85|93|96|2|8|15|0|0.2|1|0|0.6|2|0|2.1|5|1|2.7|6|1|2.4|5|50|60|71||19|||41||27|32|35|1|3|7|3|5|6.5||||1.1|1.2|1.3||||1.28|1.38|1.43||4.23|9.17|14.11|0.17|0.19|0.21||||31|34|35.6|15.1|18.9|23.5|44|49|53|2.9|4.7|6.1|41|51|58|15|20|24|13|22|29|".24"|".24"|15|23|40|0|0|0|0|0|0|0|0|2|21.9|28.5|35||||60.6|67.2|71.5|7.9|8.2|8.4|7.6|8|8.1|||||||0.4|2.4|4.4|||||||||||||||||||||"12574713"|"35936169"
"Bg1"||"B"||1|25|46|61|69|91|122||45||0|0|0|0|0|0|100|100|100|96|100|100|91|99|100|87|94|98|2|7|15|0|0.3|1.5|0|0.8|2.5|0|1.5|4|1|2.1|6|1|2.3|6|50|62|71||23|||39||27|31|35|0|2|4|0.5|1|1.7||||1.25|1.4|1.5||||1.42|1.57|1.62||4.23|9.17|14.11|0.17|0.19|0.21||||29.6|32.1|33.9|15.4|18.6|21.6|40|44|50|3.1|4|4.9|37|42|48|17|21|25|14|21|27|".37"|".37"|2|15|40|0|0|0|0|0|0|0|0|2|21.2|23.2|25.1||||41.8|61.9|66.3|7.6|8|8.4|7.4|7.8|8.1|||||||0|0.9|2.5|||||||||||||||||||||"12574713"|"35936170"
"Bg2"||"B"||2|69|91|122|76|104|132||13||0|0|0|0|0|0|100|100|100|93|96|100|85|94|100|79|88|95|2|10|25|0|0.9|2|0|1.5|3|0|2.3|5|1|2.8|10|1|2.5|8|43|62|76||23|||39||22|28|32|0|1|2|0.2|0.5|0.8||||1.3|1.45|1.55||||1.46|1.61|1.65||4.23|9.17|14.11|0.17|0.19|0.2||||27.2|30.3|32.7|12.5|16.5|19.6|38|42|48|2.4|3.5|4.4|32|38|43|14|19|23|9|16|23|".43"|".43"|2|10|40|0|0|0|0|0|0|0|0|2|17|21.2|23.7||||37.6|59.9|62.7|7.9|8.2|8.4|7.6|8|8.1|||||||0|0|1.2|||||||||||||||||||||"12574713"|"35936171"
"Cg"||"C"|||76|104|132|152|152|200||48||0|0|0|0|0|0|95|98|100|85|93|100|79|89|100|68|77|92|5|20|50|0|1|3|0|1.5|5|1|5.7|15|2|6.8|20|2|5|15|28|62|80||26|||36||15|18|27|0|1|2|0|0.3|0.6||||1.4|1.5|1.6||||1.48|1.58|1.67||4.23|9.17|14.11|0.17|0.18|0.21||||21.6|25|30.5|8.2|11.5|17|34|39|45|1|1.7|3.4|25|28|38|9|11|19|3|6|17|".49"|".49"|10|15|40|0|0|0|0|0|0|0|0|2|8|13.7|19.9||||41.4|52.4|58.9|7.9|8.2|8.4|7.6|8|8.1|||||||0|0|0.7|||||||||||||||||||||"12574713"|"35936172"
"Ap"||"A"|||0|0|0|15|18|30||18||0|0|0|0|0|0|100|100|100|94|98|100|90|97|100|87|94|100|1|5|10|0|0.2|0.5|0|0.5|2|0|1|3|0|1.7|5|0|1.6|5|50|60|67||14|||46||32|35|40|0|0|0|4.5|6.2|7.5||||1.2|1.3|1.4||||1.42|1.52|1.59||1.41|2.82|4.23|0.17|0.18|0.21||||33.6|36|40.6|19|21.8|25.5|41|45|51|3.5|5.2|6.8|50|57|65|22|25|28|21|28|36|".24"|".24"|0|0|0|0|0|0|0|0|0|0|0|2|28|33.8|39||||24|33.5|47|5.6|7|7.5|5.3|6.7|7.2|||||||4.1|6.7|11.6|||||||||||||||||||||"12574712"|"35936165"
"Bg1"||"B"||1|15|18|30|61|69|91||51||0|0|0|0|0|0|96|100|100|93|98|100|88|97|100|85|94|100|1|5|10|0|0.2|1|0|0.6|2|0|1|3|0|1.7|5|0|1.5|5|45|56|64||16|||40||35|39|45|0|0|0|1.5|3.2|6||||1.3|1.4|1.55||||1.65|1.75|1.85||1.41|2.82|4.23|0.13|0.17|0.2||||27.9|34.1|39.3|17.3|21.7|26.7|32|40|47|5.8|7.6|9.7|48|56|68|25|28|32|22|30|40|".28"|".28"|0|0|0|0|0|0|0|0|0|0|0|2|27.2|33|39||||23.8|32.9|47|6.1|7.2|7.5|5.8|6.9|7.2|||||||2.9|5|9.7|||||||||||||||||||||"12574712"|"35936166"
"Cg"||"C"|||97|127|178|152|152|200||25||0|0|0|0|0|3|95|98|100|90|95|100|80|93|100|74|86|97|1|11|20|0|0.7|2|0|1|4|0|2.5|7|0|3.4|9|0|3.4|9|40|55|74||19|||36||25|34|40|0|0|0|0|0.5|1.2||||1.4|1.53|1.65||||1.6|1.73|1.88||1.41|2.82|4.23|0.12|0.17|0.19||||23|29|32.5|13.5|17.5|21|27|35|41|2.2|4|6.9|34|44|52|17|24|29|10|21|31|".37"|".37"|0|8|20|0|0|0|0|0|0|0|0|2|13.5|20.4|28||||13.2|59.1|67|6.6|7.8|8.4|6.3|7.5|8.1|||||||0|1|5.4|||||||||||||||||||||"12574712"|"35936167"
"Bg2"||"B"||2|61|69|91|97|127|178||58||0|0|0|0|0|1|96|98|100|91|96|100|83|95|100|79|92|99|1|6|12|0|0.3|1|0|0.7|2|0|1|3|0|2|5|0|2|5|43|53|66||18|||35||33|41|45|0|0|0|0.5|1.3|2.7||||1.35|1.45|1.6||||1.68|1.78|1.89||1.41|2.82|4.23|0.11|0.15|0.18||||23.7|31|37|14.5|20.5|26|31|41|46|3.9|7|9.1|43|54|61|23|29|33|17|30|38|".32"|".32"|0|0|5|0|0|0|0|0|0|0|0|2|21|29|36||||18.4|28.4|50|6.1|7.3|7.8|5.8|7|7.5|||||||1.1|3.6|8.2|||||||||||||||||||||"12574712"|"35936168"
"Ap"||"A"|||0|0|0|25|53|61||53||0|0|0|0|0|0|100|100|100|100|100|100|96|99|100|91|95|100|1|6|10|0|0.1|0.3|0|0.3|0.7|0|1.1|3|0|2|5|0|2.5|5|55|63|72|||||||27|31|35|0|0|0|4|5.5|7||||1.2|1.3|1.4||||1.32|1.42|1.45||4.23|9.17|14.11|0.16|0.19|0.22||||32.1|34.3|36.1|18.7|22.4|26|41|45|49|2.5|3.1|3.8|45|51|58|18|21|24|18|24|30|".24"|".24"|0|0|0|0|0|0|0|0|0|0|0|2|24|29.5|32.5||||21.2|25.9|32.4|5.6|6|7.3|5.3|5.7|7|||||||4|8.7|10.7|||||||||||||||||||||"12574711"|"35936161"
"Btg1"||"B"||1|25|53|61|102|112|152||59||0|0|0|0|0|0|100|100|100|100|100|100|95|99|100|89|95|100|1|6|10|0|0.1|0.3|0|0.3|0.7|0|1.1|3|0|2|5|0|2.5|5|52|62|74|||||||25|32|38|0|0|0|0.3|1.1|2||||1.25|1.35|1.45||||1.44|1.54|1.6||4.23|9.17|14.11|0.15|0.18|0.21||||28.9|32.1|34.5|13.9|18.6|22.8|42|46|50|2.9|4.4|5.8|35|44|52|17|22|27|14|22|31|".37"|".37"|0|0|5|0|0|0|0|0|0|0|0|2|17|23.5|29||||14.5|23|68|6.1|7|7.8|5.8|6.7|7.5|||||||0.6|3.8|7.2|||||||||||||||||||||"12574711"|"35936162"
"2Btg2"|2|"B"||2|102|112|152|114|175|191||63||0|0|0|0|0|0|97|98|100|85|93|98|76|91|98|64|81|97|2|16|30|0|0.5|2|0|1|3|1|4|10|1|6|15|0|4.5|10|33|55|78|||||||20|29|37|0|0|1|0.2|0.5|0.8||||1.4|1.5|1.6||||1.57|1.67|1.75||4.23|7.52|14.11|0.12|0.15|0.18||||25.2|30.5|34.3|11.2|17.3|23|34|39|44|1.9|3.5|5.1|30|40|48|13|20|26|5|15|28|".37"|".37"|0|7|15|0|0|0|0|0|0|0|0|2|14|20.5|26||||12.7|59.2|65|6.6|7.6|7.8|6.3|7.3|7.5|||||||0.2|1.6|5|||||||||||||||||||||"12574711"|"35936163"
"2C"|2|"C"|||114|175|191|152|200|200||25||0|0|0|0|1|3|95|97|100|84|92|98|75|90|98|63|80|97|2|16|30|0|0.5|2|0|1|3|1|4|10|1|6|15|0|4.5|10|35|56|80|||||||18|28|35|0|0|2|0|0.3|0.6||||1.45|1.6|1.65||||1.62|1.77|1.85||1.41|2.82|4.23|0.09|0.12|0.15||||23.8|30.2|34.3|10.1|17.3|22.9|31|35|42|1.4|3.2|4.7|27|38|46|11|19|25|4|14|26|".43"|".43"|5|17|30|0|0|0|0|0|0|0|0|2|12|19.5|24||||45.3|58.2|63|7.4|8|8.4|7.1|7.7|8.1|||||||0|0.3|2.5|||||||||||||||||||||"12574711"|"35936164"
"Ap"||"A"|||0|0|0|25|36|61||36||0|0|0|0|0|0|100|100|100|96|100|100|91|99|100|84|93|99|0|8|15|0|0.1|1|0|0.7|2|0|1.9|5|0|3.4|8|0|1.9|5|50|61|73||23|||38||27|31|35|0|0|0|3.5|5.5|7||||1.2|1.3|1.42||||1.32|1.42|1.46||4.23|9.17|14.11|0.15|0.18|0.21||||27|34.3|36.1|17.7|22.4|26|40|45|49|2.4|3.1|3.9|44|51|58|18|21|24|16|23|30|".24"|".24"|0|0|0|0|0|0|0|0|0|0|0|2|20|30|37||||15.5|28.3|40|5.6|6.7|7.4|5.3|6.4|7.1|||||||3.1|6.8|12.5|||||||||||||||||||||"12574716"|"35936182"
"Btg"||"B"|||25|36|61|102|104|152||68||0|0|0|0|0|0|100|100|100|96|100|100|89|98|100|82|93|100|0|8|15|0|0.2|1|0|0.9|2|0|1.8|5|0|3.3|8|0|1.8|5|50|61|78||24|||37||22|31|35|0|0|0|0.5|1.2|2.7||||1.2|1.33|1.5||||1.39|1.52|1.6||4.23|9.17|14.11|0.14|0.17|0.2||||25.5|31.7|33.9|12.1|17.9|21.7|39|47|51|2.7|4.5|5.5|33|43|50|15|22|25|11|21|29|".37"|".37"|0|0|0|0|0|0|0|0|0|0|0|2|18|25|29.5||||15.5|24.1|30|5.6|6.7|7.4|5.3|6.4|7.1|||||||1.6|4.8|8.8|||||||||||||||||||||"12574716"|"35936183"
"2Btg"|2|"B"|||102|104|152|112|119|165||15||0|0|0|0|0|1|95|98|100|89|95|100|74|89|100|49|67|87|15|35|55|0|0.4|3|0|3|5|3|8|20|5|14|25|1|9.6|20|12|41|70||14|||27||15|24|33|0|0|1|0.2|0.3|0.5||||1.3|1.43|1.59||||1.44|1.57|1.7||4.23|9.17|14.11|0.11|0.14|0.17||||23|28.4|32.6|8.2|13.8|19.5|35|42|48|1.2|3|4.7|25|35|44|9|16|23|1|8|20|".37"|".37"|0|0|10|0|0|0|0|0|0|0|0|2|10|19.5|25.5||||7.4|19.4|64.5|6.1|7.2|8|5.8|6.9|7.7|||||||0|2.5|6.2|||||||||||||||||||||"12574716"|"35936184"
"2Cg"|2|"C"|||112|119|165|152|152|200||33||0|0|0|0|1|4|95|98|100|81|93|98|63|81|97|39|53|67|20|48|65|0|3.2|7|0|6.6|12|3|11.9|25|5|16.9|30|2|9.4|20|3|31|53||10|||21||12|21|32|0|1|2|0|0.1|0.4||||1.45|1.55|1.65||||1.56|1.66|1.76||4.23|11.64|14.11|0.1|0.13|0.16||||15|21.6|27.3|6.7|13.1|21.1|31|37|42|0.8|2.2|4.2|22|31|42|6|14|23|0|1|6|".32"|".32"|0|10|30|0|0|0|0|0|0|0|0|2|8.5|15.5|23||||8|54.2|62|6.8|7.5|8.4|6.5|7.2|8.1|||||||0|1.1|4|||||||||||||||||||||"12574716"|"35936185"
"Ap"||"A"|||0|0|0|25|28|36||28||0|0|0|0|0|0|100|100|100|96|100|100|92|99|100|88|96|100|0|5|10|0|0.1|0.3|0|0.3|0.7|0|1|3|0|1.6|5|0|2|5|63|72|80||29|||43||20|23|27|0|0|0|3.5|4.5|5.5||||1.2|1.3|1.4||||1.32|1.42|1.45||4.23|9.17|14.11|0.19|0.22|0.25||||28.9|31.3|33.2|14.3|17.3|20.4|41|46|49|2.4|3.1|3.8|38|43|49|13|15|18|12|17|22|".37"|".37"|0|0|0|0|0|0|0|0|0|0|0|2|17.4|20|23.2||||13.4|17.1|23.1|5.1|5.8|7.3|4.8|5.5|7|||||||3.1|7.8|10.5|||||||||||||||||||||"12574715"|"35936177"
"Eg"||"E"|||25|28|36|35|38|61||10||0|0|0|0|0|0|100|100|100|96|100|100|93|99|100|88|96|100|0|5|10|0|0.1|0.3|0|0.3|0.7|0|1|3|0|1.6|5|0|2|5|65|75|82||30|||45||18|20|25|0|0|0|0.2|0.8|1.2||||1.35|1.45|1.55||||1.46|1.56|1.6||1.41|2.82|4.23|0.17|0.2|0.23||||25.8|28|30.5|10.5|12.7|16.1|38|42|46|1.8|2.4|3.3|29|32|38|12|13|17|9|12|18|".55"|".55"|0|0|0|0|0|0|0|0|0|0|0|2|14.2|16.4|20.4||||11.2|14.7|20.3|5.1|6|7.3|4.8|5.7|7|||||||1.6|5.6|8.7|||||||||||||||||||||"12574715"|"35936178"
"Btg1"||"B"||1|35|38|61|76|104|137||66||0|0|0|0|0|0|100|100|100|96|100|100|91|99|100|86|96|100|0|5|10|0|0.1|0.3|0|0.3|0.7|0|1|3|0|1.6|5|0|2|5|55|65|78||26|||39||22|30|35|0|0|0|0.2|0.8|1.2||||1.3|1.4|1.5||||1.48|1.58|1.63||0.42|0.92|1.41|0.14|0.17|0.2||||27.4|31.6|33.5|12.3|17.8|21|40|44|48|2.6|4.2|5.3|32|41|47|15|21|25|11|21|28|".49"|".49"|0|0|0|0|0|0|0|0|0|0|0|2|17|23.7|27.7||||14.3|20.9|26.7|5.1|6|7.3|4.8|5.7|7|||||||1.9|6.4|9.5|||||||||||||||||||||"12574715"|"35936179"
"2Btg2"|2|"B"||2|76|104|137|102|124|165||20||0|0|0|0|0|0|95|98|100|87|95|100|68|84|100|41|53|75|10|49|55|0|2.5|3|0|4.5|7|3|16|20|5|16.5|25|1|9.5|15|15|27|72||12|||15||18|24|30|0|0|1|0.2|0.3|0.5||||1.4|1.5|1.6||||1.54|1.64|1.69||4.23|9.17|14.11|0.1|0.14|0.18||||19.4|23.2|26.6|10.7|15.1|19.6|34|40|45|1.7|2.9|4|28|35|41|11|16|21|1|5|14|".28"|".28"|0|0|5|0|0|0|0|0|0|0|0|2|14.2|18.7|22.6||||12|17.5|61.6|5.6|6|7.8|5.3|5.7|7.5|||||||0.2|5.7|7.3|||||||||||||||||||||"12574715"|"35936180"
"2Cg"|2|"C"|||102|124|165|152|152|200||28||0|0|0|0|0|0|92|97|99|80|89|95|58|76|95|27|42|69|15|58|75|0|4|7|0|6|12|5|18|30|5|20|35|3|10|20|0|25|73||12|||13||8|17|30|0|0|2|0|0.1|0.4||||1.5|1.6|1.7||||1.58|1.68|1.8||4.23|23.29|42.34|0.07|0.1|0.14||||12.9|19.5|26.4|4.7|10.8|20.1|30|35|40|0.5|1.6|3.8|18|27|40|3|11|21|0|0|5|".28"|".28"|0|0|20|0|0|0|0|0|0|0|0|2|6.2|13.1|21.7||||5.1|13|60.7|6.1|6.6|8.4|5.8|6.3|8.1|||||||0|3.3|5.8|||||||||||||||||||||"12574715"|"35936181"
"Ap"||"A"|||0|0|0|25|41|48||41||0|0|0|0|0|0|100|100|100|100|100|100|96|99|100|92|96|100|1|5|10|0|0.2|1|0.1|0.8|2|0.1|1|2|0.5|1|3|1|2|5|63|71|77||30|||41||22|24|27|0|0|0|3.5|4.5|5||||1.2|1.3|1.4||||1.33|1.43|1.47||4.23|9.17|14.11|0.18|0.21|0.24||||30.2|31.6|32.8|15.6|17.8|19.8|42|46|49|2.9|3.2|4.2|40|44|48|15|16|18|15|18|22|".28"|".28"|0|0|0|0|0|0|0|0|0|0|0|2|19|20.7|26||||16.6|20.1|25.8|6.1|6.7|7.3|5.8|6.4|7|||||||3.3|5.4|7.9|||||||||||||||||||||"12574714"|"35936173"
"Bt"||"B"|||25|41|48|102|125|152||84||0|0|0|0|0|0|100|100|100|100|100|100|95|99|100|91|96|100|1|5|10|0|0.2|1|0.1|0.8|2|0.1|1|2|0.5|1|3|1|2|5|55|64|74||26|||38||25|31|35|0|0|0|0.5|1.3|1.5||||1.3|1.4|1.5||||1.5|1.6|1.63||4.23|9.17|14.11|0.14|0.17|0.2||||29.5|32.3|33.7|14.6|19|21.4|40|44|48|3.2|4.5|5.3|36|44|48|17|22|25|15|23|28|".37"|".37"|0|0|0|0|0|0|0|0|0|0|0|2|19.7|24.9|27.9||||16.9|23.5|27.4|5.6|6.5|7.4|5.3|6.2|7.1|||||||2|5.4|8.2|||||||||||||||||||||"12574714"|"35936174"
"2BCtg"|2|"BC"|||102|125|152|117|147|178||22||0|0|0|0|0|0|97|100|100|90|98|100|74|92|100|46|62|80|15|45|60|0|1|3|0|3|5|1|9|20|5|17|25|2|15|25|15|36|70||17|||19||15|19|25|0|0|1|0.1|0.3|0.5||||1.45|1.55|1.65||||1.55|1.65|1.7||4.23|9.17|14.11|0.12|0.15|0.17||||23.7|27.3|30.6|8.9|12.1|16.2|33|39|43|1.3|2|3.1|25|30|36|9|13|17|1|5|12|".37"|".37"|0|0|5|0|0|0|0|0|0|0|0|2|11.7|15.1|19||||10.8|15|58|6.4|7.2|7.8|6.1|6.9|7.5|||||||0|2|4.7|||||||||||||||||||||"12574714"|"35936175"
"2Cg"|2|"C"|||117|147|178|152|158|200||11||0|0|0|0|0|0|95|98|100|84|95|100|61|82|100|22|34|55|30|71|78|0|2|8|0|6|10|3|23|30|5|28|35|2|12|25|2|19|50||11|||8||8|10|20|0|0|2|0|0.2|0.4||||1.5|1.6|1.7||||1.54|1.64|1.71||14.11|23.225|42.34|0.08|0.11|0.14||||18.3|21.7|28.6|4.6|6.5|13.4|30|36|41|0.5|0.9|2.2|18|21|31|3|6|13|0|0|1|".24"|".24"|0|0|15|0|0|0|0|0|0|0|0|2|5|7.6|14.6||||4.4|7.5|53.6|6.6|7.4|8.2|6.3|7.1|7.9|||||||0|0.6|3.6|||||||||||||||||||||"12574714"|"35936176"
"Ap"||"A"|||0|0|0|15|28|30||28||0|0|0|0|0|0|100|100|100|100|100|100|96|99|100|93|97|100|1|4|7|0|0.1|1|0|0.2|2|0|0.8|3|0|1.1|3|0.5|1.8|3|66|70|81|||||||18|26|27|0|0|0|2.5|3.5|4||||1.3|1.35|1.45||||1.42|1.47|1.47||4.23|9.17|14.11|0.19|0.22|0.24||||28.2|31.9|32.6|12.9|18.3|19.4|41|44|46|1|2.9|2.9|33|43|45|12|18|18|11|19|21|".32"|".32"|0|0|0|0|0|0|0|0|0|0|0|2|15.6|22.1|23||||13.8|22|26|6.1|7|7.3||||||||||2.5|4.4|7.4|||||||||||||||||||||"12574737"|"35936261"
"AB"||"AB"|||15|28|30|25|41|46||13||0|0|0|0|0|0|100|100|100|100|100|100|97|100|100|94|97|100|1|4|7|0|0|1|0|0.3|2|0|0.7|3|0|0.7|3|0.5|2.3|3|61|65|72|||||||27|31|32|0|0|0|1.5|2.5|3.5||||1.25|1.35|1.4||||1.44|1.54|1.6||4.23|9.17|14.11|0.14|0.17|0.2||||30.7|32.7|33.7|16.4|19.7|21.4|43|45|49|3|4.5|5.9|40|46|50|19|22|22|18|24|26|".37"|".37"|0|0|0|0|0|0|0|0|0|0|0|2|22.1|25.5|26.6||||18|24.7|26.6|5.6|6.7|7.3||||||||||2.7|5.4|9|||||||||||||||||||||"12574737"|"35936262"
"Bt"||"B"|||25|41|46|102|104|145||63||0|0|0|0|0|0|100|100|100|100|100|100|96|99|100|91|96|100|1|5|8|0|0.1|1|0|0.3|2|0|0.9|3|0.5|1.4|3|0.5|2.3|5|57|62|74|||||||25|33|35|0|0|0|0.5|1|1.5||||1.35|1.4|1.45||||1.56|1.61|1.66||4.23|9.17|14.11|0.13|0.16|0.19||||29.5|32.7|33.7|14.6|19.7|21.4|42|44|46|3|4.8|5.9|36|45|48|17|23|25|15|24|28|".37"|".37"|0|0|0|0|0|0|0|0|0|0|0|2|15.6|26.1|27.9||||13.2|24.4|26.5|5.6|6.7|7.3||||||||||2.5|4.8|8.2|||||||||||||||||||||"12574737"|"35936263"
"2BC"|2|"BC"|||102|104|145|114|114|152||10||0|0|0|0|0|1|95|98|100|87|95|98|75|89|98|58|73|86|15|26|40|0|1.3|3|0.1|3|5|2|7.4|15|5|9.1|18|3|5.2|15|26|44|64|||||||21|30|34|0|0|0|0.1|0.3|0.6||||1.45|1.5|1.6||||1.64|1.69|1.79||4.23|9.17|14.11|0.1|0.13|0.16||||26.2|31.6|33.8|12.3|18.7|21.9|34|40|42|3|3.9|5.9|32|40|45|14|21|24|5|13|21|".37"|".37"|0|3|10|0|0|0|0|0|0|0|0|2|12.8|22.8|26.2||||12.1|30.9|45.2|6.6|7.6|7.8||||||||||0|0.1|2.8|||||||||||||||||||||"12574737"|"35936264"
"2C"|2|"C"|||114|114|152|152|152|200||38||0|0|1|0|1|2|94|97|100|86|93|98|74|86|98|55|68|81|20|30|40|1|1.5|6|2|3.5|8|4|8.5|18|8|10.5|19|1|6|14|30|42|62|||||||18|28|30|0|1|3|0.1|0.2|0.4||||1.6|1.75|1.78||||1.77|1.92|1.92||1.41|2.82|4.23|0.07|0.1|0.13||||25.3|29.8|32.4|11.8|19.8|22.4|27|30|37|1|2.9|2.9|27|37|40|10|19|21|2|10|16|".37"|".37"|15|25|40|0|0|0|0|0|0|0|0|2|10.2|20.4|21||||23.2|36.1|40|7.4|7.9|8.4||||||||||0|0|2.2|||||||||||||||||||||"12574737"|"35936265"
"H1"||"H"||1||0|||33|||||0|0|0|0|0|0|100|100|100|100|100|100|96|100|100|91|94|98||9.4|||0|||0|||0.2|||2.6|||6.6|||67.1||||||||20|23.5|27||||2|3|4||||1.15|1.25|1.35|||||1.31|||4.23|9.17|14.11|0.22|0.23|0.24|||||29.9|||15.1|||49||0|1.5|2.9|25|30|35|8|11.5|15||||".32"|".32"|0|0|0|0|0|0|0|0|0|0|0|0|16|20|24|||||||5.6|6.7|7.8|||||||||||||||||||||||||||||||||"12574670"|"35936029"
"H2"||"H"||2||33|||76|||||0|0|0|0|0|0|100|100|100|100|100|100|94|99|100|90|95|100||6.9|||0.4|||0.6|||0.9|||2.2|||2.8|||63.1||||||||25|30|35||||0|0.25|0.5||||1.25|1.35|1.45|||||1.54|||4.23|9.17|14.11|0.18|0.19|0.2|||||30.8|||16.5|||46||3|4.5|5.9|35|42.5|50|18|24|30||||".43"|".43"|0|10|20|0|0|0|0|0|0|0|0|0|15|18.5|22|||||||5.6|7|8.4|||||||||||||||||||||||||||||||||"12574670"|"35936030"
"H3"||"H"||3||76|||203|||||0|0|0|0|0|0|100|100|100|100|100|100|96|100|100|91|94|98||9.4|||0|||0|||0.2|||2.6|||6.6|||67.1||||||||20|23.5|27||||0|0.05|0.1||||1.35|1.45|1.55|||||1.52|||4.23|9.17|14.11|0.2|0.21|0.22|||||28.8|||13.7|||43||0|1.5|2.9|20|28.5|37|8|14|20||||".49"|".49"|10|25|40|0|0|0|0|0|0|0|0|0|12|16.5|21|||||||7.4|7.9|8.4|||||||||||||||||||||||||||||||||"12574670"|"35936031"
"H1"||"H"||1||0|||15|||||0|0|0|0|0|0|100|100|100|100|100|100|96|99|100|92|95|98||6.9|||0.4|||0.6|||0.9|||2.2|||2.8|||63.1||||||||27|30|33||||1|2|3||||1.15|1.25|1.35|||||1.43|||4.23|9.17|14.11|0.21|0.22|0.23|||||31.2|||17.2|||49||3|4.5|5.9|32|41.5|51|8|14.5|21||||".28"|".28"|0|0|0|0|0|0|0|0|0|0|0|0|24|26.5|29|||||||6.1|6.7|7.3|||||||||||||||||||||||||||||||||"12574668"|"35936022"
"H2"||"H"||2||15|||81|||||0|0|0|0|0|0|100|100|100|100|100|100|94|99|100|90|95|100||6.9|||0.4|||0.6|||0.9|||2.2|||2.8|||63.1||||||||25|30|35||||0|0.5|1||||1.25|1.35|1.45|||||1.54|||4.23|9.17|14.11|0.16|0.18|0.2|||||31|||16.8|||46||3|4.5|5.9|33|45.5|58|8|17.5|27||||".43"|".43"|0|0|0|0|0|0|0|0|0|0|0|0|16|21.5|27|||||||5.6|6.5|7.3|||||||||||||||||||||||||||||||||"12574668"|"35936023"
"H3"||"H"||3||81|||203|||||0|0|0|0|3|4|91|95|100|77|87|100|69|86|100|66|83|100||6.9|||0.4|||0.6|||0.9|||2.2|||2.8|||62.1||||||||22|31|40||||0|0.2|0.4||||1.5|1.63|1.75|||||1.88|||0.42|0.92|1.41|0.14|0.16|0.18|||||30.5|||18.8|||33||3|4.5|5.9|25|39|53|9|18|27||||".49"|".49"|5|18|30|0|0|0|0|0|0|0|0|0|10|17|24|||||||6.6|7.5|8.4|||||||||||||||||||||||||||||||||"12574668"|"35936024"
"H1"||"H"||1||0|||36|||||0|0|0|0|0|0|100|100|100|94|96|100|89|95|100|85|91|99||6.9|||0.4|||0.6|||0.9|||2.2|||2.8|||62.1||||||||27|31|35||||5|6|7||||1.1|1.2|1.3|||||1.26|||4.23|9.17|14.11|0.22|0.23|0.24|||||33.2|||20.9|||49||0|1.5|2.9|25|32.5|40|5|10|15||||".24"|".24"|0|0|0|0|0|0|0|0|0|0|0|0|22|26|30|||||||5.6|6.5|7.3|||||||||||||||||||||||||||||||||"12574667"|"35936019"
"H2"||"H"||2||36|||135|||||0|0|0|0|0|0|100|100|100|94|96|100|86|95|100|82|91|100||7.1|||0.4|||0.6|||1|||2.2|||2.9|||65.4||||||||20|27.5|35||||0|0.5|1||||1.2|1.33|1.45|||||1.52|||4.23|9.17|14.11|0.21|0.23|0.24|||||29.5|||15|||47||3|4.5|5.9|30|40|50|15|22.5|30||||".43"|".43"|0|0|0|0|0|0|0|0|0|0|0|0|12|17.5|23|||||||5.6|6.7|7.8|||||||||||||||||||||||||||||||||"12574667"|"35936020"
"H3"||"H"||3||135|||152|||||0|0|0|0|3|4|95|97|100|73|85|100|64|84|100|61|80|100||7.6|||0.4|||0.6|||1|||2.4|||3.2|||71.4||||||||10|21|32||||0|0.25|0.5||||1.4|1.55|1.7|||||1.63|||4.23|9.17|14.11|0.11|0.15|0.19||24.1|||21|||13.3|||35||0|1.5|2.9|20|27.5|35|7|13.5|20||||".49"|".49"|0|20|40|0|0|0|0|0|0|0|0|0|9|14|19|||||||6.6|7.5|8.4|||||||||||||||||||||||||||||||||"12574667"|"35936021"
"H1"||"H"||1||0|||23|||||0|0|0|0|0|0|100|100|100|100|100|100|96|99|100|92|95|98||6.9|||0.4|||0.6|||0.9|||2.2|||2.8|||63.1||||||||27|30|33||||1|2|3||||1.15|1.25|1.35|||||1.43|||4.23|9.17|14.11|0.21|0.22|0.23|||||31.2|||17.2|||49||3|4.5|5.9|32|41.5|51|8|14.5|21||||".28"|".28"|0|0|0|0|0|0|0|0|0|0|0|0|24|26.5|29|||||||6.1|6.7|7.3|||||||||||||||||||||||||||||||||"12574666"|"35936016"
"H2"||"H"||2||23|||74|||||0|0|0|0|0|0|100|100|100|100|100|100|94|99|100|90|95|100||6.9|||0.4|||0.6|||0.9|||2.2|||2.8|||63.1||||||||25|30|35||||0|0.5|1||||1.25|1.35|1.45|||||1.54|||4.23|9.17|14.11|0.16|0.18|0.2|||||31|||16.8|||46||3|4.5|5.9|33|45.5|58|8|17.5|27||||".43"|".43"|0|0|0|0|0|0|0|0|0|0|0|0|16|21.5|27|||||||5.6|6.5|7.3|||||||||||||||||||||||||||||||||"12574666"|"35936017"
"H3"||"H"||3||74|||203|||||0|0|0|0|3|4|91|95|100|77|87|100|69|86|100|66|83|100||6.9|||0.4|||0.6|||0.9|||2.2|||2.8|||62.1||||||||22|31|40||||0|0.2|0.4||||1.5|1.63|1.75|||||1.88|||0.42|0.92|1.41|0.14|0.16|0.18|||||30.5|||18.8|||33||3|4.5|5.9|25|39|53|9|18|27||||".49"|".49"|5|18|30|0|0|0|0|0|0|0|0|0|10|17|24|||||||6.6|7.5|8.4|||||||||||||||||||||||||||||||||"12574666"|"35936018"
"H1"||"H"||1||0|||23|||||0|0|0|0|0|0|100|100|100|100|100|100|97|99|100|86|87|89||19.3|||0.2|||0.5|||1.3|||5.6|||11.7|||52.2||||||||27|28.5|30||||3|3.5|4||||1.2|1.3|1.4|||||1.48|||4.23|9.17|14.11|0.22|0.23|0.24|||||32.2|||18.9|||47||3|4.5|5.9|30|35|40|10|15|20||||".24"|".24"|0|0|0|0|0|0|0|0||0|0|0|0|0|31.6|||||||5.6|6.5|7.3|||||||||||||||||||||||||||||||||"12574659"|"35935996"
"H2"||"H"||2||23|||117|||||0|0|0|0|0|0|100|100|100|100|100|100|93|98|100|89|94|99||7.1|||0.5|||0.8|||1.1|||2.2|||2.5|||52.9||||||||35|40|45||||0.2|0.5|1||||1.35|1.45|1.55|||||1.8|||1.41|2.82|4.23|0.18|0.19|0.2|||||30.9|||22.4|||43||6|7.5|8.9|35|45|55|15|25|35||||".32"|".32"|0|0|10|0|0|0|0|0||0|0|0|0|0||||||||5.1|6.8|8.4|||||||||||||||||||||||||||||||||"12574659"|"35935997"
"H3"||"H"||3||117|||203|||||0|0|0|0|0|0|100|100|100|100|100|100|94|99|100|90|95|100||7.2|||0.2|||0.4|||0.8|||2.3|||3.5|||47.8||||||||40|45|50||||0|0.2|0.4||||1.45|1.58|1.7|||||1.96|||0.42|2.33|4.23|0.08|0.1|0.12|||||32.4|||25.2|||38||6|7.5|8.9|40|50|60|20|27.5|35||||".32"|".32"|0|10|35|0|0|0|0|0||0|0|0|0|0||||||||6.6|7.5|8.4|||||||||||||||||||||||||||||||||"12574659"|"35935998"
"H1"||"H"||1||0|||33|||||0|0|0|0|0|0|100|100|100|100|100|100|94|99|100|84|89|94||17.3|||0.1|||0.4|||1.2|||5|||10.6|||47.7||||||||30|35|40||||5|5.5|6||||1.2|1.3|1.4|||||1.48|||1.41|2.82|4.23|0.21|0.22|0.23|||||35.3|||24.3|||46||3|4.5|5.9|30|35|40|8|12|16||||".24"|".24"|0|0|0|0|0|0|0|0|0|0|0|0|28|32|36|||||||6.1|7|7.8|||||||||||||||||||||||||||||||||"12574658"|"35935993"
"H2"||"H"||2||33|||107|||||0|0|0|0|0|0|100|100|100|100|100|100|93|98|100|89|94|99||7.1|||0.5|||0.8|||1.1|||2.2|||2.5|||52.9||||||||35|40|45||||0.5|0.75|1||||1.35|1.45|1.55|||||1.8|||1.41|2.82|4.23|0.13|0.16|0.18|||||31.1|||22.7|||43||6|7.5|8.9|40|47.5|55|20|27.5|35||||".32"|".32"|0|3|5|0|0|0|0|0|0|0|0|0|22|25.5|29|||||||6.1|7|7.8|||||||||||||||||||||||||||||||||"12574658"|"35935994"
"H3"||"H"||3||107|||203|||||0|1|1|0|3|4|100|100|100|100|100|100|92|99|100|89|96|100||5.5|||0.2|||0.3|||0.6|||1.7|||2.7|||47||||||||40|47.5|55||||0.2|0.35|0.5||||1.45|1.58|1.7|||||1.97|||0.42|0.92|1.41|0.05|0.07|0.08|||||32.4|||26.2|||37||6|7.5|8.9|40|47.5|55|20|27.5|35||||".32"|".32"|0|10|20|0|0|0|0|0|0|0|0|0|24|29|34|||||||7.4|7.9|8.4|||||||||||||||||||||||||||||||||"12574658"|"35935995"
"H1"||"H"||1||0|||36|||||0|0|0|0|0|0|100|100|100|100|100|100|91|95|98|78|81|85||24.5|||1.9|||2.7|||2.4|||7.5|||10|||52||||||||20|23.5|27||||4|4.5|5||||1.2|1.3|1.4|||||1.48|||4.23|9.17|14.11|0.22|0.23|0.24|||||31.4|||17.5|||47||3|4.5|5.9|30|35|40|8|11.5|15||||".24"|".24"|0|0|0|0|0|0|0|0||0|0|0|0|0|31.1|||||||5.6|6.5|7.3|||||||||||||||||||||||||||||||||"12574657"|"35935990"
"H2"||"H"||2||36|||107|||||0|0|0|0|0|0|100|100|100|100|100|100|93|98|100|89|94|99||7.1|||0.5|||0.8|||1.1|||2.2|||2.5|||52.9||||||||35|40|45||||0.2|0.5|1||||1.35|1.45|1.55|||||1.8|||1.41|2.82|4.23|0.18|0.19|0.2|||||30.9|||22.4|||43||6|7.5|8.9|35|45|55|15|25|35||||".32"|".32"|0|0|10|0|0|0|0|0||0|0|0|0|0||||||||5.1|6.8|8.4|||||||||||||||||||||||||||||||||"12574657"|"35935991"
"H3"||"H"||3||107|||203|||||0|0|0|0|0|0|100|100|100|100|100|100|94|99|100|90|95|100||7.2|||0.2|||0.4|||0.8|||2.3|||3.5|||47.8||||||||40|45|50||||0|0.2|0.4||||1.45|1.58|1.7|||||1.96|||0.42|2.33|4.23|0.08|0.1|0.12|||||32.4|||25.2|||38||6|7.5|8.9|40|50|60|20|27.5|35||||".32"|".32"|0|15|35|0|0|0|0|0||0|0|0|0|0||||||||6.6|7.5|8.4|||||||||||||||||||||||||||||||||"12574657"|"35935992"
"H1"||"H"||1||0|||18|||||0|1|1|0|5|10|94|96|100|77|86|100|73|85|100|64|75|91||20|||0.2|||0.5|||1.3|||5.8|||12.2|||49||||||||27|31|35||||2|2.5|3||||1.2|1.3|1.4|||||1.5|||4.23|9.17|14.11|0.2|0.21|0.22|||||30.1|||17.7|||44||3|4.5|5.9|30|40|50|12|18.5|25||||".28"|".28"|0|0|0|0|0|0|0|0|0|0|0|0|20|23.5|27|||||||5.6|6.7|7.8|||||||||||||||||||||||||||||||||"12574648"|"35935965"
"H2"||"H"||2||18|||74|||||0|1|1|0|5|9|95|96|100|79|87|100|72|87|100|68|83|100||7.7|||0.2|||0.5|||0.9|||2.4|||3.7|||49.8||||||||35|42.5|50||||0.5|0.75|1||||1.3|1.45|1.6|||||1.67|||1.41|2.82|4.23|0.09|0.14|0.19|||||29.4|||22.3|||39||3|4.5|5.9|35|45.5|56|15|22|29||||".32"|".32"|0|8|15|0|0|0|0|0|0|0|0|0|22|26|30|||||||5.6|6.7|7.8|||||||||||||||||||||||||||||||||"12574648"|"35935966"
"H3"||"H"||3||74|||203|||||0|1|1|0|4|8|95|97|100|82|90|100|76|89|100|67|78|94||18.7|||0.2|||0.5|||1.3|||5.4|||11.3|||47.8||||||||27|33.5|40||||0.2|0.35|0.5||||1.65|1.78|1.9|||||1.87|||0.42|2.33|4.23|0.01|0.05|0.09|||||26.6|||22.2|||28||0|1.5|2.9|30|37.5|45|13|19.5|26||||".37"|".37"|5|18|30|0|0|0|0|0|0|0|0|0|16|20.5|25|||||||6.6|7.5|8.4|||||||||||||||||||||||||||||||||"12574648"|"35935967"
"H1"||"H"||1||0|||36|||||0|0|0|0|0|0|100|100|100|94|96|100|89|95|100|85|91|99||6.9|||0.4|||0.6|||0.9|||2.2|||2.8|||62.1||||||||27|31|35||||5|6|7||||1.1|1.2|1.3|||||1.26|||4.23|9.17|14.11|0.22|0.23|0.24|||||33.2|||20.9|||49||0|1.5|2.9|25|32.5|40|5|10|15||||".24"|".24"|0|0|0|0|0|0|0|0|0|0|0|0|22|26|30|||||||5.6|6.5|7.3|||||||||||||||||||||||||||||||||"12574647"|"35935962"
"H2"||"H"||2||36|||135|||||0|0|0|0|0|0|100|100|100|94|96|100|86|95|100|82|91|100||7.1|||0.4|||0.6|||1|||2.2|||2.9|||65.4||||||||20|27.5|35||||0|0.5|1||||1.2|1.33|1.45|||||1.52|||4.23|9.17|14.11|0.21|0.23|0.24|||||29.5|||15|||47||3|4.5|5.9|30|40|50|15|22.5|30||||".43"|".43"|0|0|0|0|0|0|0|0|0|0|0|0|12|17.5|23|||||||5.6|6.7|7.8|||||||||||||||||||||||||||||||||"12574647"|"35935963"
"H3"||"H"||3||135|||152|||||0|0|0|0|3|4|95|97|100|73|85|100|64|84|100|61|80|100||7.6|||0.4|||0.6|||1|||2.4|||3.2|||71.4||||||||10|21|32||||0|0.25|0.5||||1.4|1.55|1.7|||||1.63|||4.23|9.17|14.11|0.11|0.15|0.19||24.1|||21|||13.3|||35||0|1.5|2.9|20|27.5|35|7|13.5|20||||".49"|".49"|0|20|40|0|0|0|0|0|0|0|0|0|9|14|19|||||||6.6|7.5|8.4|||||||||||||||||||||||||||||||||"12574647"|"35935964"
"H1"||"H"||1||0|||38|||||0|0|0|0|0|0|100|100|100|100|100|100|95|100|100|90|94|99||9.5|||0|||0|||0.2|||2.6|||6.7|||68||||||||18|22.5|27||||3|4|5||||1.1|1.2|1.3|||||1.25|||4.23|9.17|14.11|0.22|0.23|0.24|||||29.9|||15.2|||50||0|1.5|2.9|20|25|30|5|10|15||||".28"|".28"|0|0|0|0|0|0|0|0||0|0|0|17|21.5|26|||||||6.1|6.7|7.3|||||||||||||||||||||||||||||||||"12574646"|"35935958"
"H2"||"H"||2||38|||137|||||0|0|0|0|0|0|100|100|100|100|100|100|91|99|100|87|95|100||7.1|||0.4|||0.6|||1|||2.2|||2.9|||65.4||||||||20|27.5|35||||0.2|0.6|1||||1.2|1.3|1.4|||||1.48|||4.23|9.17|14.11|0.18|0.19|0.2|||||29.7|||15|||48||3|4.5|5.9|25|32.5|40|10|17.5|25||||".43"|".43"|0|0|0|0|0|0|0|0||0|0|0|15|19|23|||||||5.1|6.2|7.3|||||||||||||||||||||||||||||||||"12574646"|"35935959"
"H3"||"H"||3||137|||168|||||0|0|0|0|1|1|90|95|100|75|86|100|69|86|100|55|70|90||28.9|||0|||0|||1|||9.5|||18.4|||47.6||||||||15|23.5|32||||0.1|0.3|0.5||||1.3|1.43|1.55|||||1.5|||4.23|23.29|42.34|0.09|0.13|0.16|||||27.1|||13|||41||0|1.5|2.9|20|32.5|45|5|15|25||||".43"|".43"|0|0|0|0|0|0|0|0||0|0|0|9|14.5|20|||||||5.6|6.7|7.8|||||||||||||||||||||||||||||||||"12574646"|"35935960"
"H4"||"H"||4||168|||203|||||0|0|0|0|3|4|91|95|100|66|81|100|61|81|100|55|74|98||14.3|||0.1|||0.4|||1|||4.1|||8.7|||73.2||||||||5|12.5|20||||0.1|0.3|0.5||||1.5|1.6|1.7|||||1.68|||14.11|28.23|42.34|0.11|0.17|0.22|||||21.1|||7.3|||33||0|1.5|2.9|0|12.5|25|0|5|10||||".55"|".55"|0|10|20|0|0|0|0|0||0|0|0|6|9.5|13|||||||5.6|7|8.4|||||||||||||||||||||||||||||||||"12574646"|"35935961"
