"Ap"||"A"||||0|||20|||20||0|0|0|0|0|0|100|100|100|100|100|100|100|100|100|95|97.5|100||7|||0.4|||0.6|||0.9|||2.2|||2.9|||64||||||||28|29|30||||4|5|6||||1.3|1.33|1.35||||1.5|1.55|1.56||1|3|10|0.22|0.23|0.24||||31|33.7|34.6|19.6|21.3|23|44|45|46|4.1|5.2|5.5|40|45|50|15|20|25|16|22|29|".32"|".32"|0|0|0|0|0|0|||||0||30|33|36|||||||5.1|6.2|7.3||||||||||4.7|8.4|12.1|||||||||||||||||||||"11727441"|"33368588"
"A"||"A"||||20|||51|||31||0|0|0|0|0|0|100|100|100|100|100|100|100|100|100|95|97.5|100||7|||0.4|||0.6|||0.9|||2.2|||2.9|||64||||||||28|29|30||||4|5|6||||1.3|1.33|1.35||||1.54|1.55|1.56||1|3|10|0.22|0.23|0.24||||31|33.7|34.6|19.6|21.3|23|44|45|46|5|5.2|5.5|40|45|50|15|20|25|16|22|29|".32"|".32"|0|0|0|0|0|0|||||0||30|33|36|||||||5.1|6.2|7.3||||||||||4.7|8.4|12.1|||||||||||||||||||||"11727441"|"33368589"
"Btg"||"B"||||51|||107|||56||0|0|0|0|0|0|100|100|100|100|100|100|100|100|100|95|97.5|100||6.2|||0|||0|||0.2|||1.8|||4.2|||61.3||||||||30|32.5|35||||1|1.5|2||||1.28|1.32|1.35||||1.55|1.58|1.61||1|3|10|0.18|0.19|0.2||||29.1|32.3|33.4|17|18.9|20.8|46|47|48|5.5|6.1|6.8|40|45|50|20|25|30|20|26|33|".43"|".43"|0|0|0|0|0|0|||||0||30|33|36|||||||5.1|6.2|7.3||||||||||3.6|7.2|10.7|||||||||||||||||||||"11727441"|"33368590"
"BCg, Cg"||"BC"||||107|||163|||56||0|0|0|0|0|0|100|100|100|100|100|100|100|100|100|95|97.5|100||6.8|||0|||0|||0.2|||1.9|||4.7|||67.2||||||||22|26|30||||0.5|0.75|1||||1.35|1.38|1.4||||1.53|1.57|1.62||1|9|10|0.18|0.19|0.2||||25|29.9|31.6|12.8|15.3|17.8|44|45|46|3.5|4.5|5.5|35|40|45|15|20|25|14|20|27|".49"|".49"|0|8|15|0|0|0|||||0||30|33|36|||||||6.6|7.2|7.8||||||||||2.1|4.2|6.2|||||||||||||||||||||"11727441"|"33368591"
"Bt2"||"B"||2|60|81|110|90|114|174|30|33|64|0|0|0|0|0|0|100|100|100|100|100|100|97|100|100|93|98|100|1|3|5|0|0|0|0|0|0|0|0.2|0.5|0.3|0.8|1|0.7|2|3.5|60|66|73|30|34|38|28|32|36|24|31|35|0|0|0|0.5|1|2||||1.37|1.42|1.46||||1.57|1.62|1.66||1|3|10|0.17|0.19|0.21||||29.2|32.2|34.2|14.3|18.9|22.3|42|43|45|3|4.4|5.9|35|43|49|16|22|25|14|23|28|".43"|".43"|0|0|0|0|0|0|0|0|0|0|0.1|2|19|24.6|28.2||||16|22.7|26.5|5.1|5.9|6.5||||||||||4.4|6.9|9.8|||||||||||||||||||||"11727442"|"33368592"
"Bt1"||"B"||1|30|46|64|60|81|110|30|35|46|0|0|0|0|0|0|100|100|100|100|100|100|97|100|100|93|98|100|1|3|5|0|0|0|0|0|0|0|0.2|0.5|0.3|0.8|1|0.7|2|3.5|60|64|72|29|33|37|27|31|35|24|33|35|0|0|0|0.5|1|2||||1.37|1.42|1.46||||1.58|1.63|1.66||1|3|10|0.17|0.19|0.21||||29.2|32.9|34.2|14.3|20|22.3|42|43|45|3|4.8|5.9|35|45|49|16|23|25|14|24|28|".43"|".43"|0|0|0|0|0|0|0|0|0|0|0.1|2|19|26.1|28.2||||16|24.9|26.5|5.1|5.9|6.5||||||||||4.4|7|9.8|||||||||||||||||||||"11727442"|"33368593"
"BA"||"BA"|||30|36|49|30|46|64|5|10|15|0|0|0|0|0|0|100|100|100|100|100|100|98|100|100|94|98|100|1|3|5|0|0|0|0|0|0|0|0.2|0.5|0.3|0.8|1|0.7|2|3.5|63|66|72|30|34|39|28|32|36|24|31|32|0|0|0|1|1.5|2.5||||1.24|1.3|1.35||||1.42|1.48|1.49||1|3|10|0.17|0.19|0.21||||28.8|31.6|32.6|13.7|17.8|19.5|46|47|50|3|4.5|5.9|36|44|47|16|22|22|15|23|25|".43"|".43"|0|0|0|0|0|0|0|0|0|0|0.1|2|19.6|25|26.3||||15.8|23|25.1|5.1|5.9|6.5||||||||||4.7|7.1|9.8|||||||||||||||||||||"11727442"|"33368594"
"A2"||"A"||2|20|25|30|30|36|49|10|11|19|0|0|0|0|0|0|100|100|100|100|100|100|97|100|100|93|98|100|1|3|10|0|0|0.2|0|0|0.3|0|0.2|0.5|0.3|0.8|4|0.7|2|5|60|69|77|31|35|39|30|34|38|22|28|30|0|0|0|2.5|3|4||||1.22|1.29|1.36||||1.38|1.45|1.47||1|3|10|0.19|0.21|0.23||||29.2|31.7|32.9|14.3|17.9|20|44|47|50|3|4|5.9|37|44|48|15|19|21|14|21|24|".37"|".37"|0|0|0|0|0|0|0|0|0|0|0.1|2|18.7|23.5|25.2||||14.8|20.3|25.2|5.1|5.9|7.3||||||||||2.9|7.4|10.2|||||||||||||||||||||"11727442"|"33368595"
"A1"||"A"||1|10|15|20|20|25|30|10|10|10|0|0|0|0|0|0|100|100|100|100|100|100|97|100|100|93|98|100|1|3|10|0|0|0.2|0|0|0.3|0|0.2|0.5|0.3|0.8|4|0.7|2|5|60|69|77|31|35|39|30|34|38|22|28|30|0|0|0|2.5|3|4||||1.22|1.29|1.36||||1.38|1.45|1.47||1|3|10|0.19|0.21|0.23||||29.2|31.7|32.9|14.3|17.9|20|44|47|50|3|4|5.9|37|44|48|15|19|21|14|21|24|".37"|".37"|0|0|0|0|0|0|0|0|0|0|0.1|2|18.7|23.5|25.2||||14.8|20.6|25.2|5.1|6|7.3||||||||||2.9|7.2|10.2|||||||||||||||||||||"11727442"|"33368596"
"Ap"||"A"|||0|0|0|10|15|20|10|15|20|0|0|0|0|0|0|100|100|100|100|100|100|97|100|100|93|98|100|1|3|10|0|0|0.2|0|0|0.3|0|0.2|0.5|0.3|0.8|4|0.7|2|5|62|70|77|32|36|40|30|34|38|22|27|30|0|0|0|3|3.5|4.5||||1.26|1.32|1.38||||1.42|1.48|1.5||1|3|10|0.19|0.21|0.23||||29.9|32|33.5|15.2|18.4|21.1|43|45|48|3|3.8|5.9|39|44|49|15|19|21|15|21|25|".32"|".32"|0|0|0|0|0|0|0|0|0|0|0.1|2|18.9|22.8|25.4||||14.3|20.9|25.4|5.1|6.5|7.3||||||||||3.1|5.9|10.4|||||||||||||||||||||"11727442"|"33368597"
"BC"||"BC"|||90|114|174|140|152|200|30|38|40|0|0|0|0|0|0|100|100|100|100|100|100|97|100|100|94|98|100|1|3|5|0|0|0|0|0|0|0|0.2|0.5|0.3|0.8|1|0.7|2|3.5|65|69|76|31|35|39|30|34|38|20|28|30|0|0|0|0|0.3|0.5||||1.35|1.38|1.4||||1.51|1.54|1.56||1|3|10|0.16|0.18|0.2||||26.7|30.3|31.2|11|15.8|17.2|45|45|46|3|3.7|5.9|30|38|41|13|19|21|11|19|22|".49"|".49"|0|0|0|0|0|0|0|0|0|0|0.1|2|14.2|21.4|23.3||||11.8|20.7|23.2|5.1|6.1|7.3||||||||||1.5|5.7|8.7|||||||||||||||||||||"11727442"|"33368598"
"Ap"||"A"|||0|0|0|10|15|20|10|15|20|0|0|0|0|0|0|100|100|100|100|100|100|97|100|100|93|98|100|1|3|10|0|0|0.2|0|0|0.3|0|0.2|0.5|0.3|0.8|4|0.7|2|5|62|67|75|32|34|40|30|33|38|24|30|32|0|0|0|2.5|3|4.5||||1.3|1.34|1.38||||1.42|1.48|1.5||1|3|10|0.19|0.21|0.23||||30.2|32.5|34.1|15.7|19.3|22.1|44|46|48|3|4.4|5.9|39|46|52|16|21|22|15|21|25|".32"|".32"|0|0|0|0|0|0|0|0|0|0|0.1|2|20.3|25|26.9||||6.6|21.3|26.3|5.1|6.5|7.3||||||||||5.8|12.4|20.9|||||||||||||||||||||"11727446"|"33368617"
"BA"||"BA"|||10|15|20|20|30|54|10|15|34|0|0|0|0|0|0|100|100|100|100|100|100|98|100|100|94|98|100|1|3|5|0|0|0|0|0|0|0|0.2|0.5|0.3|0.8|1|0.7|2|3.5|63|66|72|30|34|39|28|32|36|24|31|32|0|0|0|1|1.5|2.5||||1.24|1.3|1.35||||1.42|1.48|1.49||1|3|10|0.17|0.19|0.21||||28.8|31.6|32.6|13.7|17.8|19.5|46|47|50|3|4.5|5.9|36|44|48|16|22|23|15|23|25|".43"|".43"|0|0|0|0|0|0|0|0|0|0|0.1|2|19.6|25|26.3||||4.5|16|24|5.1|5.9|6.5||||||||||8.9|14.7|19.8|||||||||||||||||||||"11727446"|"33368618"
"Bt1"||"B"||1|20|30|54|40|50|86|20|20|32|0|0|0|0|0|0|100|100|100|100|100|100|97|100|100|93|98|100|1|3|5|0|0|0|0|0|0|0|0.2|0.5|0.3|0.8|1|0.7|2|3.5|60|64|72|29|33|37|27|31|35|24|33|35|0|0|0|0.5|1|2||||1.37|1.42|1.46||||1.58|1.63|1.66||1|3|10|0.17|0.19|0.21||||29.2|32.9|34.2|14.3|20|22.3|42|43|45|3|4.8|5.9|35|45|49|16|23|25|14|24|28|".43"|".43"|0|0|0|0|0|0|0|0|0|0|0.1|2|19|26.1|28.2||||3.6|16|25.6|5.1|5.9|6.5||||||||||8.4|15.1|20.5|||||||||||||||||||||"11727446"|"33368619"
"Bt2"||"B"||2|40|50|86|60|84|102|20|34|40|0|0|0|0|0|0|100|100|100|100|100|100|97|100|100|93|98|100|1|3|5|0|0|0|0|0|0|0|0.2|0.5|0.3|0.8|1|0.7|2|3.5|60|66|73|30|34|38|28|32|36|24|31|35|0|0|0|0.5|1|2||||1.37|1.42|1.46||||1.57|1.62|1.66||1|3|10|0.17|0.19|0.21||||29.2|32.2|34.2|14.3|18.9|22.3|42|43|45|3|4.4|5.9|35|43|49|16|22|25|14|23|28|".43"|".43"|0|0|0|0|0|0|0|0|0|0|0.1|2|19|24.6|28.2||||3.6|15.7|25.6|5.1|5.9|6.5||||||||||8.4|14.3|20.5|||||||||||||||||||||"11727446"|"33368620"
"BC"||"BC"|||60|84|102|140|152|200|50|68|98|0|0|0|0|0|0|100|100|100|100|100|100|97|100|100|94|98|100|1|3|5|0|0|0|0|0|0|0|0.2|0.5|0.3|0.8|1|0.7|2|3.5|65|69|76|31|35|39|30|34|38|20|28|30|0|0|0|0|0.3|0.5||||1.35|1.38|1.4||||1.51|1.54|1.56||1|3|10|0.16|0.18|0.2||||26.7|30.3|31.2|11|15.8|17.2|45|45|46|3|3.7|5.9|31|38|42|13|19|21|11|19|22|".49"|".49"|0|0|0|0|0|0|0|0|0|0|0.1|2|14.2|21.4|23.3||||2.9|17.2|22.9|5.1|6.1|7.3||||||||||1.8|11.5|17.5|||||||||||||||||||||"11727446"|"33368621"
"Ap"||"A"|||0|0|0|15|18|23||18||0|0|0|0|0|0|100|100|100|100|100|100|97|100|100|93|98|100|1|3|10|0|0|0.2|0|0|0.3|0|0.2|0.5|0.3|0.8|4|0.7|2|5|62|70|77|32|36|40|30|34|38|22|27|30|0|0|0|2.5|3|3.5||||1.26|1.32|1.38||||1.42|1.48|1.5||1|3|10|0.19|0.21|0.23||||29.9|32|33.5|15.2|18.4|21.1|43|45|48|3|3.8|5.9|39|44|49|15|19|21|15|21|25|".32"|".32"|0|0|0|0|0|0|0|0|0|0|0.1|2|18.9|22.8|25.4||||14.3|20.9|25.4|5.1|6.5|7.3||||||||||3.1|5.9|10.4|||||||||||||||||||||"11727447"|"33368622"
"Bt"||"B"|||15|18|23|91|122|140||104||0|0|0|0|0|0|100|100|100|100|100|100|96|99|100|92|97|100|0|3.5|7|0|0.2|1|0|0.3|1|0|0.5|1|0|1.1|3|0|1.4|3|58|65.5|74.5|||||||24|31|35|0|0|0|0|0.5|1||||1.35|1.38|1.42||||1.54|1.57|1.61||1|3|10|0.18|0.19|0.2||||28.5|31.5|33.2|13.2|17.7|20.5|44|45|46|3|4.3|5.9|34|42|47|16|22|25|14|22|28|".43"|".43"|0|0|0|0|0|0|0|0|0|0|1|2|16.7|24|27.5||||8.3|20.6|27.3|5.1|5.8|7.3||||||||||1.6|7.8|10.9|||||||||||||||||||||"11727447"|"33368623"
"C"||"C"|||91|122|140|152|152|152||30||0|0|0|0|0|0|100|100|100|100|100|100|97|100|100|93|98|100|0|3.5|7|0|0|1|0|0|1|0|0.1|1|0|1|3|0|2.4|3|63|71.5|80|||||||20|25|30|0|0|0|0|0.25|0.5||||1.35|1.38|1.41||||1.48|1.51|1.56||1|9|10|0.18|0.19|0.2||||26.7|29.1|31.2|11|14.1|17.2|44|45|46|3|3.1|5.9|30|35|41|13|17|21|11|16|22|".49"|".49"|0|0|15|0|0|0|0|0|0|0|1|2|14.2|19.2|23.3||||11.2|18.8|62.3|5.6|6.5|7.8||||||||||0|4.6|8.2|||||||||||||||||||||"11727447"|"33368624"
"Bg"||"H"||3||102|||117|||15||0|0|0|0|0|0|100|100|100|100|100|100|90|95|100|90|95|100||6.7|||0|||0|||0.2|||1.9|||4.6|||60.8||||||||30|32.5|35||||3|3.5|4||||1.25|1.3|1.35|||||1.48|||1|3|10|0.18|0.19|0.2||||32.4|33.4|34.4|19|20.9|22.7|44|46|48|3|4.5|5.9|40|47.5|55|20|25|30|18|26|34|".37"|".37"|0|0|0||||||||0||36|38.5|41|||||||5.6|6.5|7.3||||||||||5|7.6|10.6|||||||||||||||||||||"11727201"|"33367596"
"A"||"H"||2||20|||102|||82||0|0|0|0|0|0|100|100|100|100|100|100|90|95|100|90|95|100||6.7|||0|||0|||0.2|||1.9|||4.6|||60.8||||||||30|32.5|35||||3|3.5|4||||1.25|1.3|1.35|||||1.48|||1|3|10|0.18|0.19|0.2||||32.4|33.4|34.4|19|20.9|22.7|44|46|48|3|4.5|5.9|40|47.5|55|20|25|30|18|26|34|".37"|".37"|0|0|0||||||||0||36|38.5|41|||||||5.6|6.5|7.3||||||||||5|7.6|10.6|||||||||||||||||||||"11727201"|"33367597"
"Ap"||"H"||1||0|||20|||20||0|0|0|0|0|0|100|100|100|100|100|100|90|95|100|90|95|100||6.8|||0|||0|||0.2|||2|||4.6|||61.7||||||||27|31.5|36||||5|6|7||||1.28|1.3|1.32|||||1.48|||1|3|10|0.21|0.22|0.23||||32.8|34.7|36.4|19.8|23.2|26.5|44|45|46|3|4.5|5.9|40|50|60|15|22.5|30|14|25|36|".32"|".32"|0|0|0||||||||0||36|38.5|41|||||||5.6|6.5|7.3||||||||||5.7|8.5|11.6|||||||||||||||||||||"11727201"|"33367598"
"BCg, Cg"||"H"||4||117|||152|||35||0|0|0|0|0|0|100|100|100|100|100|100|95|97.5|100|80|90|100||6.9|||0.4|||0.6|||0.9|||2.2|||2.8|||63.1||||||||25|30|35||||1|1.5|2||||1.35|1.4|1.45|||||1.58|||1|3|10|0.18|0.19|0.2||||29.9|32.1|34.1|15.3|18.6|22|42|44|46|2.6|4.2|5.8|40|47.5|55|15|22.5|30|12|22|34|".43"|".43"|0|0|0||||||||0||30|33|36|||||||6.1|6.7|7.3||||||||||3.6|5.8|7.9|||||||||||||||||||||"11727201"|"33367599"
"BC2"||"BC"||2|103|122|132|200|200|200|68|78|97|0|0|0|0|0|0|100|100|100|100|100|100|96|100|100|92|97|100|0|5|10|0|0|0|0|0|0|0|1|3|0|1|3|0|3|4|63|69|80|30|35|40|30|34|40|20|26|27|0|0|0|0|0.25|0.5||||1.34|1.35|1.35||||1.48|1.49|1.6||1|9|10|0.15|0.17|0.19||||26.5|29.3|29.9|10.8|14.3|15.2|46|46|47|3|3.3|5.9|31|36|41|13|18|19|11|16|22|".49"|".49"|0|0|0|0|0|0|0|0|0|0|0.1|2|14.2|19.9|21.2||||8.2|17.6|20.6|5.1|6.1|6.5||||||||||3.4|5.9|9.3|||||||||||||||||||||"11727401"|"33368422"
"BE"||"BE"|||12|15|24|20|31|40|8|16|16|0|0|0|0|0|0|100|100|100|100|100|100|97|100|100|93|98|100|0|3|10|0|0|0|0|0|0|0|0|3|0|1|3|0|2|4|64|72|81|30|37|40|30|35|40|19|25|26|0|0|0|0.5|1|1.5||||1.27|1.32|1.38||||1.41|1.46|1.57||1|9|10|0.16|0.18|0.2||||26.4|29.3|30.1|10.6|14.4|15.5|45|47|49|3|3.3|5.9|31|37|41|13|17|18|11|13|19|".49"|".49"|0|0|0|0|0|0|0|0|0|0|0.1|2|15.4|20.3|21.4||||9.1|18.5|21.2|5.1|6|7.3||||||||||1.7|6.8|10|||||||||||||||||||||"11727401"|"33368423"
"Bt1"||"B"||1|20|31|40|48|61|69|8|30|31|0|0|0|0|0|0|100|100|100|100|100|100|96|100|100|92|98|100|0|3|10|0|0|0|0|0|0|0|0|3|0|1|3|0|2|4|58|67|76|30|35|40|30|32|40|24|30|32|0|0|0|0.5|0.75|1||||1.41|1.44|1.48||||1.6|1.63|1.71||1|3|10|0.16|0.18|0.2||||29.4|31.9|32.7|14.5|18.2|19.7|41|43|44|3|4.2|5.9|35|41|45|16|21|23|15|19|25|".49"|".49"|0|0|0|0|0|0|0|0|0|0|0.1|2|19|23.6|25.3||||10.4|20.1|24.5|4.5|5.8|6.5||||||||||4.7|7.9|12.2|||||||||||||||||||||"11727401"|"33368424"
"Ap"||"A"|||0|0|0|12|15|24|12|15|24|0|0|0|0|0|0|100|100|100|100|100|100|97|100|100|93|98|100|0|3|10|0|0|0|0|0|0|0|0|3|0|1|3|0|2|4|64|74|81|30|38|40|30|36|40|19|23|26|0|0|0|2|2.5|3||||1.35|1.39|1.43||||1.48|1.52|1.65||1|9|10|0.17|0.19|0.21||||28.4|30.4|31.8|13.1|15.9|18.2|42|44|45|3|3|5.9|34|38|44|13|16|18|12|15|20|".37"|".37"|0|0|0|0|0|0|0|0|0|0|0.1|2|16.3|19.5|21.9||||10.8|17.4|21.7|5.1|6|7.3||||||||||2.8|7.6|11|||||||||||||||||||||"11727401"|"33368425"
"Bt3"||"B"||3|79|84|89|89|99|109|10|15|20|0|0|0|0|0|0|100|100|100|100|100|100|96|100|100|92|98|100|0|3|10|0|0|0|0|0|0|0|0|3|0|1|3|0|2|4|58|68|76|30|36|40|30|32|40|24|29|32|0|0|0|0.25|0.5|0.75||||1.46|1.46|1.46||||1.64|1.64|1.73||1|3|10|0.16|0.18|0.2||||29.3|31.5|32.7|14.3|17.6|19.6|42|42|42|3|3.9|5.9|34|40|44|16|20|23|15|16|22|".49"|".49"|0|0|0|0|0|0|0|0|0|0|0.1|2|18.5|22.6|25.1||||9.7|19|24.1|4.5|5.5|6.5||||||||||4.5|8.4|12|||||||||||||||||||||"11727401"|"33368426"
"Bt2"||"B"||2|48|61|69|79|84|89|10|23|41|0|0|0|0|0|0|100|100|100|100|100|100|96|100|100|92|98|100|0|3|10|0|0|0|0|0|0|0|0|3|0|1|3|0|2|4|58|66|76|30|34|40|30|32|40|24|31|32|0|0|0|0.5|0.75|1||||1.43|1.46|1.48||||1.63|1.66|1.73||1|3|10|0.16|0.18|0.2||||29.5|32.4|32.9|14.7|19.1|20|41|42|43|3|4.4|5.9|35|42|45|16|22|23|15|19|25|".43"|".43"|0|0|0|0|0|0|0|0|0|0|0.1|2|19|24.4|25.3||||10.4|20.1|24.5|4.5|5.5|6.5||||||||||4.7|8.9|12.2|||||||||||||||||||||"11727401"|"33368427"
"BC1"||"BC"||1|89|99|109|103|122|132|23|23|43|0|0|0|0|0|0|100|100|100|100|100|100|96|100|100|92|97|100|0|5|10|0|0|0|0|0|0|0|1|3|0|1|3|0|3|4|63|69|80|30|35|40|30|34|40|20|26|27|0|0|0|0|0.25|0.5||||1.34|1.35|1.35||||1.48|1.49|1.6||1|9|10|0.15|0.17|0.19||||26.5|29.3|29.9|10.8|14.3|15.2|46|46|47|3|3.3|5.9|31|36|41|13|18|19|11|16|22|".49"|".49"|0|0|0|0|0|0|0|0|0|0|0.1|2|14.2|19.9|21.2||||8.2|17.8|20.6|5.1|5.8|6.5||||||||||3.4|6.8|9.3|||||||||||||||||||||"11727401"|"33368428"
"Ap"||"A"||||0|||20|||20||0|0|0|0|0|0|100|100|100|100|100|100|95|97.5|100|95|97.5|100||7.1|||0.4|||0.6|||1|||2.2|||2.9|||64.4||||||||27|28.5|30||||5|5.5|6||||1.3|1.33|1.35|||||1.52|||1|3|10|0.21|0.22|0.23|||||33.9|||21.6|||44||3|4.5|5.9|30|42.5|55|10|17.5|25|9|19|30|".32"|".32"|0|0|0|0|0|0|0|0|0|0|0|0|30|33|36|||||||5.6|6.5|7.3|||||||||||||||||||||||||||||||||"11727402"|"33368429"
"A1"||"A"||1||20|||81|||61||0|0|0|0|0|0|100|100|100|100|100|100|95|97.5|100|95|97.5|100||7.1|||0.4|||0.6|||1|||2.2|||2.9|||64.4||||||||27|28.5|30||||4|5|6||||1.3|1.33|1.35|||||1.52|||1|3|10|0.21|0.22|0.23|||||33.9|||21.6|||44||3|4.5|5.9|30|42.5|55|10|17.5|25|9|19|30|".37"|".37"|0|0|0|0|0|0|0|0|0|0|0|0|30|33|36|||||||5.6|6.5|7.3|||||||||||||||||||||||||||||||||"11727402"|"33368430"
"Bg"||"B"||||81|||119|||38||0|0|0|0|0|0|100|100|100|100|100|100|95|97.5|100|95|97.5|100||6.8|||0|||0|||0.2|||2|||4.6|||61.7||||||||28|31.5|35||||1|2|3||||1.3|1.35|1.4|||||1.54|||1|3|10|0.18|0.19|0.2|||||32.6|||19.4|||45||3|4.5|5.9|35|42.5|50|10|17.5|25|10|19|29|".43"|".43"|0|0|0|0|0|0|0|0|0|0|0|0|30|33|36|||||||6.1|6.7|7.3|||||||||||||||||||||||||||||||||"11727402"|"33368431"
"BCg, Cg"||"BC"||||119|||200|||81||0|0|0|0|0|0|100|100|100|100|100|100|90|95|100|85|92.5|100||9.1|||0.5|||0.8|||1.2|||2.9|||3.7|||63.9||||||||20|27|30||||0.5|0.75|1||||1.4|1.43|1.45|||||1.54|||1|3|10|0.18|0.19|0.2|||||30.7|||16.4|||43||1|2.6|4.2|25|32.5|40|10|15|20|6|13|21|".49"|".49"|0|12|25|0|0|0|0|0|0|0|0|0|25|27.5|30|||||||6.6|7.5|8.4|||||||||||||||||||||||||||||||||"11727402"|"33368432"
"Bt"||"B"||||20|||69|||49||0|0|0|0|3|5|90|92.5|95|85|90|95|70|77.5|85|55|65|75||35.3|||3.1|||4.4|||6.1|||11.1|||10.6|||33.2||||||||25|31.5|38||||0.5|0.75|1||||1.55|1.65|1.75|||||1.91|||1|3|10|0.16|0.17|0.18||||25.7|30.8|36|15.1|20.3|26.2|28|33|38|3|4.5|5.9|30|35|40|15|20|25|5|10|17|".32"|".32"|0|0|0||||||||0||25|27.5|30|||||||4.5|5.5|6.5||||||||||5.6|9.2|12.8|||||||||||||||||||||"11727403"|"33368433"
"Ap"||"A"||||0|||20|||20||0|0|0|0|0|0|90|92.5|95|85|90|95|70|77.5|85|55|65|75||35.4|||3.2|||4.5|||6.1|||11.1|||10.5|||39.6||||||||22|25|27||||1.5|2|2.5||||1.5|1.53|1.55|||||1.76|||1|9|10|0.16|0.17|0.18||||27.8|30.2|32.3|14.8|17.6|20|34|36|38|3|4.5|5.9|35|40|45|15|20|25|5|11|18|".32"|".32"|0|0|0||||||||0||25|27.5|30|||||||5.6|6.5|7.3||||||||||4.6|7.8|11.2|||||||||||||||||||||"11727403"|"33368434"
"BC, C"||"BC"||||69|||200|||131||0|0|0|0|3|5|90|92.5|95|85|90|95|70|77.5|85|55|65|75||35.4|||3.1|||4.4|||6.1|||11.2|||10.6|||33.6||||||||24|31|38||||0|0.25|0.5||||1.65|1.7|1.75|||||1.96|||1|3|10|0.16|0.17|0.18||||25.1|30.4|32.3|14.9|20.6|26.9|28|31|34|3|4.5|5.9|30|35|40|15|20|25|5|10|17|".32"|".32"|0|13|25||||||||0||25|27.5|30|||||||5.6|7|8.4||||||||||0.1|4.8|9.6|||||||||||||||||||||"11727403"|"33368435"
"Bt"||"B"||||20|||69|||49||0|0|0|0|3|5|90|92.5|95|85|90|95|70|77.5|85|55|65|75||35.3|||3.1|||4.4|||6.1|||11.1|||10.6|||33.2||||||||25|31.5|38||||0.5|0.75|1||||1.55|1.65|1.75|||||1.91|||1|3|10|0.16|0.17|0.18||||25.7|30.8|36|15.1|20.3|26.2|28|33|38|3|4.5|5.9|30|35|40|15|20|25|5|10|17|".32"|".32"|0|0|0||||||||0||25|27.5|30|||||||4.5|5.5|6.5||||||||||5.6|9.2|12.8|||||||||||||||||||||"11727404"|"33368436"
"BC, C"||"BC"||||69|||200|||131||0|0|0|0|3|5|90|92.5|95|85|90|95|70|77.5|85|55|65|75||35.4|||3.1|||4.4|||6.1|||11.2|||10.6|||33.6||||||||24|31|38||||0|0.25|0.5||||1.65|1.7|1.75|||||1.96|||1|3|10|0.16|0.17|0.18||||25.1|30.4|32.3|14.9|20.6|26.9|28|31|34|3|4.5|5.9|30|35|40|15|20|25|5|10|17|".32"|".32"|0|13|25||||||||0||25|27.5|30|||||||5.6|7|8.4||||||||||0.1|4.8|9.6|||||||||||||||||||||"11727404"|"33368437"
"A"||"A"||||0|||20|||20||0|0|0|0|0|0|90|92.5|95|85|90|95|70|77.5|85|55|65|75||35.4|||3.2|||4.5|||6.1|||11.1|||10.5|||39.6||||||||22|25|27||||1.5|2|2.5||||1.5|1.53|1.55|||||1.76|||1|9|10|0.16|0.17|0.18||||27.8|30.2|32.3|14.8|17.6|20|34|36|38|3|4.5|5.9|35|40|45|15|20|25|5|11|18|".32"|".32"|0|0|0||||||||0||25|27.5|30|||||||5.6|6.5|7.3||||||||||4.6|7.8|11.2|||||||||||||||||||||"11727404"|"33368438"
"BC2"||"BC"||2|103|122|132|200|200|200|68|78|97|0|0|0|0|0|0|100|100|100|100|100|100|96|100|100|92|97|100|0|5|10|0|0|0|0|0|0|0|1|3|0|1|3|0|3|4|63|69|80|30|35|40|30|34|40|20|26|27|0|0|0|0|0.25|0.5||||1.34|1.35|1.35||||1.48|1.49|1.6||1|9|10|0.15|0.17|0.19||||26.5|29.3|29.9|10.8|14.3|15.2|46|46|47|3|3.3|5.9|31|36|41|13|18|19|11|16|22|".49"|".49"|0|0|0|0|0|0|0|0|0|0|0.1|2|14.2|19.9|21.2||||8.2|17.6|20.6|5.1|6.1|6.5||||||||||3.4|5.9|9.3|||||||||||||||||||||"11727405"|"33368439"
"BE"||"BE"|||12|15|24|20|31|40|8|16|16|0|0|0|0|0|0|100|100|100|100|100|100|97|100|100|93|98|100|0|3|10|0|0|0|0|0|0|0|0|3|0|1|3|0|2|4|64|72|81|30|37|40|30|35|40|19|25|26|0|0|0|0.5|1|1.5||||1.27|1.32|1.38||||1.41|1.46|1.57||1|9|10|0.16|0.18|0.2||||26.4|29.3|30.1|10.6|14.4|15.5|45|47|49|3|3.3|5.9|31|37|41|13|17|18|11|13|19|".49"|".49"|0|0|0|0|0|0|0|0|0|0|0.1|2|15.4|20.3|21.4||||9.1|18.5|21.2|5.1|6|7.3||||||||||1.7|6.8|10|||||||||||||||||||||"11727405"|"33368440"
"Bt1"||"B"||1|20|31|40|48|61|69|8|30|31|0|0|0|0|0|0|100|100|100|100|100|100|96|100|100|92|98|100|0|3|10|0|0|0|0|0|0|0|0|3|0|1|3|0|2|4|58|67|76|30|35|40|30|32|40|24|30|32|0|0|0|0.5|0.75|1||||1.41|1.44|1.48||||1.6|1.63|1.71||1|3|10|0.16|0.18|0.2||||29.4|31.9|32.7|14.5|18.2|19.7|41|43|44|3|4.2|5.9|35|41|45|16|21|23|15|19|25|".49"|".49"|0|0|0|0|0|0|0|0|0|0|0.1|2|19|23.6|25.3||||10.4|20.1|24.5|4.5|5.8|6.5||||||||||4.7|7.9|12.2|||||||||||||||||||||"11727405"|"33368441"
"Bt3"||"B"||3|79|84|89|89|99|109|10|15|20|0|0|0|0|0|0|100|100|100|100|100|100|96|100|100|92|98|100|0|3|10|0|0|0|0|0|0|0|0|3|0|1|3|0|2|4|58|68|76|30|36|40|30|32|40|24|29|32|0|0|0|0.25|0.5|0.75||||1.46|1.46|1.46||||1.64|1.64|1.73||1|3|10|0.16|0.18|0.2||||29.3|31.5|32.7|14.3|17.6|19.6|42|42|42|3|3.9|5.9|34|40|44|16|20|23|15|16|22|".49"|".49"|0|0|0|0|0|0|0|0|0|0|0.1|2|18.5|22.6|25.1||||9.7|19|24.1|4.5|5.5|6.5||||||||||4.5|8.4|12|||||||||||||||||||||"11727405"|"33368442"
"Bt2"||"B"||2|48|61|69|79|84|89|10|23|41|0|0|0|0|0|0|100|100|100|100|100|100|96|100|100|92|98|100|0|3|10|0|0|0|0|0|0|0|0|3|0|1|3|0|2|4|58|66|76|30|34|40|30|32|40|24|31|32|0|0|0|0.5|0.75|1||||1.43|1.46|1.48||||1.63|1.66|1.73||1|3|10|0.16|0.18|0.2||||29.5|32.4|32.9|14.7|19.1|20|41|42|43|3|4.4|5.9|35|42|45|16|22|23|15|19|25|".43"|".43"|0|0|0|0|0|0|0|0|0|0|0.1|2|19|24.4|25.3||||10.4|20.1|24.5|4.5|5.5|6.5||||||||||4.7|8.9|12.2|||||||||||||||||||||"11727405"|"33368443"
"BC1"||"BC"||1|89|99|109|103|122|132|23|23|43|0|0|0|0|0|0|100|100|100|100|100|100|96|100|100|92|97|100|0|5|10|0|0|0|0|0|0|0|1|3|0|1|3|0|3|4|63|69|80|30|35|40|30|34|40|20|26|27|0|0|0|0|0.25|0.5||||1.34|1.35|1.35||||1.48|1.49|1.6||1|9|10|0.15|0.17|0.19||||26.5|29.3|29.9|10.8|14.3|15.2|46|46|47|3|3.3|5.9|31|36|41|13|18|19|11|16|22|".49"|".49"|0|0|0|0|0|0|0|0|0|0|0.1|2|14.2|19.9|21.2||||8.2|17.8|20.6|5.1|5.8|6.5||||||||||3.4|6.8|9.3|||||||||||||||||||||"11727405"|"33368444"
"A"||"A"|||0|0|0|12|15|24|12|15|24|0|0|0|0|0|0|100|100|100|100|100|100|97|100|100|93|98|100|0|3|10|0|0|0|0|0|0|0|0|3|0|1|3|0|2|4|64|74|81|30|38|40|30|36|40|19|23|26|0|0|0|2|2.5|3||||1.35|1.39|1.43||||1.48|1.52|1.65||1|9|10|0.17|0.19|0.21||||28.4|30.4|31.8|13.1|15.9|18.2|42|44|45|3|3|5.9|34|38|44|13|16|18|12|15|20|".37"|".37"|0|0|0|0|0|0|0|0|0|0|0.1|2|16.3|19.5|21.9||||10.8|17.4|21.7|5.1|6|7.3||||||||||2.8|7.6|11|||||||||||||||||||||"11727405"|"33368445"
"Ap"||"A"||||0|||20|||20||0|0|0|0|0|0|100|100|100|100|100|100|95|97.5|100|95|97.5|100||7.1|||0.4|||0.6|||1|||2.2|||2.9|||64.4||||||||27|28.5|30||||5|5.5|6||||1.3|1.33|1.35|||||1.52|||1|3|10|0.21|0.22|0.23|||||33.9|||21.6|||44||3|4.5|5.9|30|42.5|55|10|17.5|25|9|19|30|".32"|".32"|0|0|0|0|0|0|0|0|0|0|0|0|30|33|36|||||||5.6|6.5|7.3|||||||||||||||||||||||||||||||||"11727406"|"33368446"
"A1"||"A"||1||20|||81|||61||0|0|0|0|0|0|100|100|100|100|100|100|95|97.5|100|95|97.5|100||7.1|||0.4|||0.6|||1|||2.2|||2.9|||64.4||||||||27|28.5|30||||4|5|6||||1.3|1.33|1.35|||||1.52|||1|3|10|0.21|0.22|0.23|||||33.9|||21.6|||44||3|4.5|5.9|30|42.5|55|10|17.5|25|9|19|30|".37"|".37"|0|0|0|0|0|0|0|0|0|0|0|0|30|33|36|||||||5.6|6.5|7.3|||||||||||||||||||||||||||||||||"11727406"|"33368447"
"Bg"||"B"||||81|||119|||38||0|0|0|0|0|0|100|100|100|100|100|100|95|97.5|100|95|97.5|100||6.8|||0|||0|||0.2|||2|||4.6|||61.7||||||||28|31.5|35||||1|2|3||||1.3|1.35|1.4|||||1.54|||1|3|10|0.18|0.19|0.2|||||32.6|||19.4|||45||3|4.5|5.9|35|42.5|50|10|17.5|25|10|19|29|".43"|".43"|0|0|0|0|0|0|0|0|0|0|0|0|30|33|36|||||||6.1|6.7|7.3|||||||||||||||||||||||||||||||||"11727406"|"33368448"
"BCg, Cg"||"BC"||||119|||200|||81||0|0|0|0|0|0|100|100|100|100|100|100|90|95|100|85|92.5|100||9.1|||0.5|||0.8|||1.2|||2.9|||3.7|||63.9||||||||20|27|30||||0.5|0.75|1||||1.4|1.43|1.45|||||1.54|||1|3|10|0.18|0.19|0.2|||||30.7|||16.4|||43||1|2.6|4.2|25|32.5|40|10|15|20|6|13|21|".49"|".49"|0|12|25|0|0|0|0|0|0|0|0|0|25|27.5|30|||||||6.6|7.5|8.4|||||||||||||||||||||||||||||||||"11727406"|"33368449"
"A"||"A"|||0|0|0|8|10|23|8|10|23|0|0|0|0|0|0|100|100|100|100|100|100|97|100|100|93|98|100|0|3|10|0|0|0|0|0|0|0|0|3|0|1|3|0|2|4|64|74|81|30|38|40|30|36|40|19|23|26|0|0|0|1|1.5|2||||1.35|1.39|1.43||||1.48|1.52|1.54||1|9|10|0.16|0.18|0.2||||27.4|29.5|31.1|11.8|14.7|16.9|43|44|46|3|3|5.9|31|36|41|13|16|18|12|15|20|".43"|".43"|0|0|0|0|0|0|0|0|0|0|0.1|2|15.8|19.1|21.6||||9.5|16.9|21.5|5.1|6|7.3||||||||||2.1|6.9|10.3|||||||||||||||||||||"11727407"|"33368450"
"Bt1"||"B"||1|8|10|23|20|25|40|8|15|31|0|0|0|0|0|0|100|100|100|100|100|100|96|100|100|92|98|100|0|3|10|0|0|0|0|0|0|0|0|3|0|1|3|0|2|4|58|67|76|30|35|40|30|32|40|24|30|32|0|0|0|0.5|0.75|1||||1.41|1.44|1.48||||1.6|1.63|1.65||1|3|10|0.16|0.18|0.2||||29.4|31.9|32.7|14.5|18.2|19.7|41|43|44|3|4.2|5.9|35|41|44|16|21|23|15|19|25|".49"|".49"|0|0|0|0|0|0|0|0|0|0|0.1|2|19|23.6|25.3||||10.4|20.1|24.5|4.5|5.8|6.5||||||||||4.7|7.9|12.2|||||||||||||||||||||"11727407"|"33368451"
"Bt2"||"B"||2|20|25|40|79|84|89|39|59|69|0|0|0|0|0|0|100|100|100|100|100|100|96|100|100|92|98|100|0|3|10|0|0|0|0|0|0|0|0|3|0|1|3|0|2|4|58|66|76|30|34|40|30|32|40|24|31|32|0|0|0|0.5|0.75|1||||1.43|1.46|1.48||||1.63|1.66|1.67||1|3|10|0.16|0.18|0.2||||29.5|32.4|32.9|14.7|19.1|20|41|42|43|3|4.4|5.9|35|42|44|16|22|23|15|19|25|".43"|".43"|0|0|0|0|0|0|0|0|0|0|0.1|2|19|24.4|25.3||||10.4|20.1|24.5|4.5|5.5|6.5||||||||||4.7|8.9|12.2|||||||||||||||||||||"11727407"|"33368452"
"Bt3"||"B"||3|79|84|89|89|99|109|10|15|20|0|0|0|0|0|0|100|100|100|100|100|100|96|100|100|92|98|100|0|3|10|0|0|0|0|0|0|0|0|3|0|1|3|0|2|4|58|68|76|30|36|40|30|32|40|24|29|32|0|0|0|0.25|0.5|0.75||||1.46|1.46|1.46||||1.64|1.64|1.67||1|3|10|0.16|0.18|0.2||||29.3|31.5|32.7|14.3|17.6|19.6|42|42|42|3|3.9|5.9|34|40|43|16|20|23|15|16|22|".49"|".49"|0|0|0|0|0|0|0|0|0|0|0.1|2|18.5|22.6|25.1||||9.7|19|24.1|4.5|5.5|6.5||||||||||4.5|8.4|12|||||||||||||||||||||"11727407"|"33368453"
"BC1"||"BC"||1|89|99|109|103|122|132|23|23|43|0|0|0|0|0|0|100|100|100|100|100|100|96|100|100|92|97|100|0|5|10|0|0|0|0|0|0|0|1|3|0|1|3|0|3|4|63|69|80|30|35|40|30|34|40|20|26|27|0|0|0|0|0.25|0.5||||1.34|1.35|1.35||||1.48|1.49|1.5||1|9|10|0.15|0.17|0.19||||26.5|29.3|29.9|10.8|14.3|15.2|46|46|47|3|3.3|5.9|30|36|41|13|18|19|11|16|22|".49"|".49"|0|0|0|0|0|0|0|0|0|0|0.1|2|14.2|19.9|21.2||||8.2|17.8|20.6|5.1|5.8|6.5||||||||||3.4|6.8|9.3|||||||||||||||||||||"11727407"|"33368454"
"BC2"||"BC"||2|103|122|132|200|200|200|68|78|97|0|0|0|0|0|0|100|100|100|100|100|100|96|100|100|92|97|100|0|5|10|0|0|0|0|0|0|0|1|3|0|1|3|0|3|4|63|69|80|30|35|40|30|34|40|20|26|27|0|0|0|0|0.25|0.5||||1.34|1.35|1.35||||1.48|1.49|1.5||1|9|10|0.15|0.17|0.19||||26.5|29.3|29.9|10.8|14.3|15.2|46|46|47|3|3.3|5.9|30|36|41|13|18|19|11|16|22|".49"|".49"|0|0|0|0|0|0|0|0|0|0|0.1|2|14.2|19.9|21.2||||8.2|17.6|20.6|5.1|6.1|6.5||||||||||3.4|5.9|9.3|||||||||||||||||||||"11727407"|"33368455"
"H1"||"H"||1||0|||38|||||0|0|0|0|0|0|100|100|100|100|100|100|95|97.5|100|85|92.5|100||||||||||||||||||||||||||||18|22.5|27||||1|2|3||||1.25|1.28|1.3||||||||4|9|14|0.21|0.22|0.23|||||||||||||3|4.5|5.9|25|37.5|50|8|14|20||||||0|0|0|0|0|0|0|0|0|0|0|0|25|27.5|30|||||||5.6|6.5|7.3|||||||||||||||||||||||||||||||||"11727242"|"33367752"
"H2"||"H"||2||38|||64|||||0|0|0|0|0|0|100|100|100|100|100|100|95|97.5|100|85|92.5|100||||||||||||||||||||||||||||18|24|30||||1|2|3||||1.25|1.28|1.3||||||||4|9|14|0.21|0.22|0.23|||||||||||||3|4.5|5.9|25|37.5|50|8|14|20||||||0|0|0|0|0|0|0|0|0|0|0|0|25|27.5|30|||||||5.6|6.5|7.3|||||||||||||||||||||||||||||||||"11727242"|"33367753"
"H3"||"H"||3||64|||152|||||0|0|0|0|0|0|100|100|100|100|100|100|95|97.5|100|85|92.5|100||||||||||||||||||||||||||||26|32|38||||3|4|5||||1.3|1.35|1.4||||||||4|9|14|0.18|0.19|0.2|||||||||||||6|7.5|8.9|35|47.5|60|15|22.5|30||||||5|8|10|0|0|0|0|0|0|0|0|0|25|27.5|30|||||||5.6|6.7|7.8|||||||||||||||||||||||||||||||||"11727242"|"33367754"
||||||0|||60||||||||||||||||||||||||||||||||||||||||||||||||||||||||||||||||||||||||||||||||||||||||||||||||||||||||||||||||||||||||||||||||||||||||||||||||||||||||||||||||"11727243"|"33367755"
"C2"||"C"||2||79|||107|||28||0|0|0|0|0|0|100|100|100|94|96|100|88|95|100|84|90|100||7|||0.4|||0.6|||0.9|||2.2|||2.9|||70||||||||18|23|30||||0|0.25|0.5||||1.25|1.3|1.35|||||1.49|||1|9|10|0.2|0.22|0.23||||24.4|27.1|30.5|9.1|12|16.2|45|47|50|3|4.5|5.9|25|32.5|40|5|10|15|2|8|17|".49"|".49"|0|0|0||||||||0||20|22.5|25|||||||6.1|6.7|7.3||||||||||2.1|3.8|5.5|||||||||||||||||||||"11727244"|"33367756"
"C3"||"C"||2||107|||203|||96||0|0|0|0|0|0|100|100|100|94|96|100|88|95|100|84|90|99||7|||0|||0|||0.2|||1.9|||4.9|||70||||||||18|23|28||||0|0.25|0.5||||1.25|1.3|1.35|||||1.49|||1|9|10|0.2|0.22|0.23||||24.4|27.1|29.8|9.1|12|15.1|45|47|50|3|4.5|5.9|25|32.5|40|5|10|15|2|8|17|".49"|".49"|0|0|0||||||||0||20|22.5|25|||||||6.1|6.7|7.3||||||||||2.1|3.8|5.5|||||||||||||||||||||"11727244"|"33367757"
"Ap"||"A"||1||0|||18|||18||0|0|0|0|0|0|100|100|100|94|96|100|90|96|100|86|92|100||7.5|||0|||0|||0.2|||2.1|||5.2|||70||||||||18|22.5|27||||2|3|4||||1.25|1.3|1.35|||||1.36|||1|9|10|0.2|0.22|0.23||||26.5|29.3|32.1|11.4|14.9|18.7|43|46|48|0|1.5|2.9|25|30|35|5|10|15|2|8|15|".37"|".37"|0|0|0||||||||0||20|22.5|25|||||||6.1|6.7|7.3||||||||||4.1|6.5|8.9|||||||||||||||||||||"11727244"|"33367758"
"C1"||"C"||2||18|||79|||61||0|0|0|0|0|0|100|100|100|94|96|100|88|95|100|84|90|99||7|||0.4|||0.6|||0.9|||2.2|||2.9|||70||||||||18|23|28||||0|0.25|0.5||||1.25|1.3|1.35|||||1.49|||1|9|10|0.2|0.22|0.23||||24.4|27.1|29.8|9.1|12|15.1|45|47|50|3|4.5|5.9|25|32.5|40|5|10|15|2|8|17|".49"|".49"|0|0|0||||||||0||20|22.5|25|||||||6.1|6.7|7.3||||||||||2.1|3.8|5.5|||||||||||||||||||||"11727244"|"33367759"
"H1"||"H"||1||0|||71|||||0|0|0|0|0|0|100|100|100|100|100|100|90|95|100|90|95|100||||||||||||||||||||||||||||27|31.5|36||||5|6|7||||1.28|1.3|1.32||||||||1|3|10|0.21|0.22|0.23||||32.8|34.7|36.4|19.8|23.2|26.5|44|45|46|3|4.5|5.9|40|50|60|15|22.5|30||||||0|0|0|0|0|0|0|0|0|0|0|0|36|38.5|41|||||||5.6|6.5|7.3||||||||||5.7|8.5|11.6|||||||||||||||||||||"11727245"|"33367760"
"H2"||"H"||2||71|||102|||||0|0|0|0|0|0|100|100|100|100|100|100|90|95|100|90|95|100||||||||||||||||||||||||||||30|32.5|35||||3|3.5|4||||1.25|1.3|1.35||||||||4|9|14|0.18|0.19|0.2||||32.4|33.4|34.4|19|20.9|22.7|44|46|48|3|4.5|5.9|40|47.5|55|20|25|30||||||0|0|0|0|0|0|0|0|0|0|0|0|36|38.5|41|||||||5.6|6.5|7.3||||||||||5|7.6|10.6|||||||||||||||||||||"11727245"|"33367761"
"H3"||"H"||3||102|||152|||||0|0|0|0|0|0|100|100|100|100|100|100|95|97.5|100|80|90|100||||||||||||||||||||||||||||25|30|35||||1|1.5|2||||1.35|1.4|1.45||||||||4|9|14|0.18|0.19|0.2||||29.9|32.1|34.1|15.3|18.6|22|42|44|46|3|4.5|5.9|40|47.5|55|15|22.5|30||||||0|0|0|0|0|0|0|0|0|0|0|0|30|33|36|||||||6.1|6.7|7.3||||||||||3.6|5.8|7.9|||||||||||||||||||||"11727245"|"33367762"
"H1"||"H"||1||0|||38|||38||0|0|0|0|0|0|100|100|100|100|100|100|95|97.5|100|85|92.5|100||9.5|||0.1|||0.3|||0.8|||2.8|||5.5|||68||||||||18|22.5|27||||1|2|3||||1.25|1.28|1.3|||||1.46|||1|9|10|0.21|0.22|0.23|||||30.6|||16.2|||47||3|4.5|5.9|25|37.5|50|8|14|20|4|13|24|".43"|".43"|0|0|0|0|0|0|0|0|0|0|0|0|25|27.5|30|||||||5.6|6.5|7.3|||||||||||||||||||||||||||||||||"11727251"|"33367778"
"H2"||"H"||2||38|||64|||26||0|0|0|0|0|0|100|100|100|100|100|100|95|97.5|100|85|92.5|100||7.1|||0.2|||0.3|||0.7|||2.2|||3.7|||64.9||||||||18|28|30||||1|2|3||||1.25|1.28|1.3|||||1.46|||1|3|10|0.21|0.22|0.23|||||30.8|||16.6|||48||3|4.5|5.9|25|37.5|50|8|14|20|4|13|24|".43"|".43"|0|0|0|0|0|0|0|0|0|0|0|0|25|27.5|30|||||||5.6|6.5|7.3|||||||||||||||||||||||||||||||||"11727251"|"33367779"
"H3"||"H"||3||64|||152|||88||0|0|0|0|0|0|100|100|100|100|100|100|95|97.5|100|85|92.5|100||6.7|||0.2|||0.4|||0.7|||2.1|||3.3|||61.3||||||||26|32|38||||3|4|5||||1.3|1.35|1.4|||||1.68|||1|3|10|0.18|0.19|0.2|||||34|||22|||44||6|7.5|8.9|35|47.5|60|15|22.5|30|12|23|36|".32"|".32"|5|8|10|0|0|0|0|0|0|0|0|0|25|27.5|30|||||||5.6|6.7|7.8|||||||||||||||||||||||||||||||||"11727251"|"33367780"
"H2"||"H"||2||61|||135|||74||0|0|0|0|0|0|100|100|100|90|95|100|85|90|95|60|70|80||37.4|||3.3|||4.7|||6.5|||11.8|||11.1|||35.7||||||||24|26.9|30||||2|2.5|3||||1.4|1.43|1.45|||||1.64|||1|9|10|0.19|0.2|0.21||||28.9|31.2|33.5|15.4|18.1|20.9|39|41|43|3|4.5|5.9|30|35|40|11|15.5|20|4|9|15|".28"|".28"|0|0|0|0|0|0|0|0|0|0|0|0|20|22.5|25|||||||5.6|6.5|7.3||||||||||2.9|5.5|8.4|||||||||||||||||||||"11727252"|"33367781"
"H3"||"H"||3||135|||152|||17||0|0|0|0|0|0|100|100|100|90|95|100|85|90|95|60|70|80||33.2|||3|||4.2|||5.7|||10.4|||9.9|||36.3||||||||27|30.5|34||||1|1.5|2||||1.45|1.5|1.55|||||1.72|||1|3|10|0.15|0.16|0.17||||30|32.6|35.1|17.3|20.6|24|36|39|42|3|4.5|5.9|35|40|45|15|20|25|6|12|19|".32"|".32"|0|0|0|0|0|0|0|0|0|0|0|0|20|22.5|25|||||||5.1|5.8|6.5||||||||||4.7|7.1|9.5|||||||||||||||||||||"11727252"|"33367782"
"H1"||"H"||1||0|||61|||61||0|0|0|0|0|0|100|100|100|90|95|100|85|90|95|60|70|80||38.1|||3.4|||4.8|||6.6|||12|||11.3|||36.4||||||||24|25.5|27||||3|3.5|4||||1.4|1.43|1.45|||||1.64|||1|9|10|0.19|0.2|0.21||||29.7|31.5|33.2|16.6|18.6|20.5|38|40|42|3|4.5|5.9|30|35|40|11|15.5|20|4|9|15|".24"|".24"|0|0|0|0|0|0|0|0|0|0|0|0|20|22.5|25|||||||5.6|6.5|7.3||||||||||3.2|5.9|8.8|||||||||||||||||||||"11727252"|"33367783"
"H1"||"H"||1||0|||61|||61||0|0|0|0|0|0|100|100|100|90|95|100|85|90|95|60|70|80||38.1|||3.4|||4.8|||6.6|||12|||11.3|||36.4||||||||24|25.5|27||||3|3.5|4||||1.4|1.43|1.45|||||1.64|||1|9|10|0.19|0.2|0.21||||29.7|31.5|33.2|16.6|18.6|20.5|38|40|42|3|4.5|5.9|30|35|40|11|15.5|20|4|9|15|".24"|".24"|0|0|0|0|0|0|0|0|0|0|0|0|20|22.5|25|||||||5.6|6.5|7.3||||||||||3.2|5.9|8.8|||||||||||||||||||||"11727253"|"33367784"
"H2"||"H"||2||61|||135|||74||0|0|0|0|0|0|100|100|100|90|95|100|85|90|95|60|70|80||37.4|||3.3|||4.7|||6.5|||11.8|||11.1|||35.7||||||||24|26.9|30||||2|2.5|3||||1.4|1.43|1.45|||||1.64|||1|9|10|0.19|0.2|0.21||||28.9|31.2|33.5|15.4|18.1|20.9|39|41|43|3|4.5|5.9|30|35|40|11|15.5|20|4|9|15|".28"|".28"|0|0|0|0|0|0|0|0|0|0|0|0|20|22.5|25|||||||5.6|6.5|7.3||||||||||2.9|5.5|8.4|||||||||||||||||||||"11727253"|"33367785"
"H3"||"H"||3||135|||152|||17||0|0|0|0|0|0|100|100|100|90|95|100|85|90|95|60|70|80||33.2|||3|||4.2|||5.7|||10.4|||9.9|||36.3||||||||27|30.5|34||||1|1.5|2||||1.45|1.5|1.55|||||1.72|||1|3|10|0.15|0.16|0.17||||30|32.6|35.1|17.3|20.6|24|36|39|42|3|4.5|5.9|35|40|45|15|20|25|6|12|19|".32"|".32"|0|0|0|0|0|0|0|0|0|0|0|0|20|22.5|25|||||||5.1|5.8|6.5||||||||||4.7|7.1|9.5|||||||||||||||||||||"11727253"|"33367786"
"H4"||"H"||4||122|||152|||||0|0|0|0|3|5|90|92.5|95|85|90|95|75|82.5|90|55|62.5|70||||||||||||||||||||||||||||30|32.5|35||||0|0.25|0.5||||1.55|1.6|1.65||||||||1|3|4|0.16|0.17|0.18|||||||||||||3|4.5|5.9|30|37.5|45|15|20|25||||||0|15|30|0|0|0|0|0|0|0|0|0|20|22.5|25|||||||6.6|7.5|8.4|||||||||||||||||||||||||||||||||"11727254"|"33367787"
"H1"||"H"||1||0|||15|||||0|0|0|0|0|0|90|92.5|95|85|90|95|75|82.5|90|55|62.5|70||||||||||||||||||||||||||||27|31|35||||2.2|2.7|3.2||||1.5|1.53|1.55||||||||1|3|4|0.16|0.17|0.18|||||||||||||3|4.5|5.9|35|40|45|15|20|25||||||0|0|0|0|0|0|0|0|0|0|0|0|20|22.5|25|||||||5.1|6.2|7.3|||||||||||||||||||||||||||||||||"11727254"|"33367788"
"H2"||"H"||2||15|||30|||||0|0|0|0|0|0|90|92.5|95|85|90|95|75|82.5|90|55|62.5|70||||||||||||||||||||||||||||30|32.5|35||||1|1.5|2||||1.5|1.53|1.55||||||||1|3|4|0.16|0.17|0.18|||||||||||||3|4.5|5.9|35|40|45|15|20|25||||||0|0|0|0|0|0|0|0|0|0|0|0|20|22.5|25|||||||5.1|6.2|7.3|||||||||||||||||||||||||||||||||"11727254"|"33367789"
"H3"||"H"||3||30|||122|||||0|0|0|0|3|5|90|92.5|95|85|90|95|75|82.5|90|55|62.5|70||||||||||||||||||||||||||||30|32.5|35||||0|0.5|1||||1.55|1.6|1.65||||||||1|3|4|0.16|0.17|0.18|||||||||||||3|4.5|5.9|30|37.5|45|15|20|25||||||0|0|0|0|0|0|0|0|0|0|0|0|20|22.5|25|||||||5.1|6.2|7.3|||||||||||||||||||||||||||||||||"11727254"|"33367790"
"Ap"||"A"||1||0|||18|||18||0|0|0|0|0|0|100|100|100|94|96|100|90|96|100|86|92|100||7.5|||0|||0|||0.2|||2.1|||5.2|||70||||||||18|22.5|27||||2|3|4||||1.25|1.3|1.35|||||1.36|||1|9|10|0.2|0.22|0.23|||||29.3|||14.9|||46||0|1.5|2.9|25|30|35|5|10|15|2|8|15|".37"|".37"|0|0|0||||||||||20|22.5|25|||||||6.1|6.7|7.3|||||||||||||||||||||||||||||||||"11727264"|"33367818"
"C1"||"C"||2||18|||79|||61||0|0|0|0|0|0|100|100|100|94|96|100|88|95|100|84|90|99||7|||0.4|||0.6|||0.9|||2.2|||2.9|||70||||||||18|23|28||||0|0.25|0.5||||1.25|1.3|1.35|||||1.49|||4|9|14|0.2|0.22|0.23|||||27.1|||12|||47||3|4.5|5.9|25|32.5|40|5|10|15|2|8|17|".49"|".49"|0|0|0||||||||||20|22.5|25|||||||6.1|6.7|7.3|||||||||||||||||||||||||||||||||"11727264"|"33367819"
"C2"||"C"||2||79|||107|||28||0|0|0|0|0|0|100|100|100|94|96|100|88|95|100|84|90|100||7|||0.4|||0.6|||0.9|||2.2|||2.9|||70||||||||18|23|30||||0|0.25|0.5||||1.25|1.3|1.35|||||1.49|||4|9|14|0.2|0.22|0.23|||||27.1|||12|||47||3|4.5|5.9|25|32.5|40|5|10|15|2|8|17|".49"|".49"|0|0|0||||||||||20|22.5|25|||||||6.1|6.7|7.3|||||||||||||||||||||||||||||||||"11727264"|"33367820"
"C3"||"C"||2||107|||203|||96||0|0|0|0|0|0|100|100|100|94|96|100|88|95|100|84|90|99||7|||0|||0|||0.2|||1.9|||4.9|||70||||||||18|23|28||||0|0.25|0.5||||1.25|1.3|1.35|||||1.49|||4|9|14|0.2|0.22|0.23|||||27.1|||12|||47||3|4.5|5.9|25|32.5|40|5|10|15|2|8|17|".49"|".49"|0|0|0||||||||||20|22.5|25|||||||6.1|6.7|7.3|||||||||||||||||||||||||||||||||"11727264"|"33367821"
"Ap"||"H"||1||0|||20|||20||0|0|0|0|0|0|100|100|100|100|100|100|95|97.5|100|85|92.5|100||9.5|||0|||0|||0.2|||2.6|||6.7|||68||||||||18|22.5|27||||1|2|3||||1.25|1.28|1.3|||||1.46|||1|9|10|0.21|0.22|0.23||||26.1|28.9|31.3|10.4|13.8|17.2|47|48|49|3|4.5|5.9|25|37.5|50|8|14|20|4|13|24|".43"|".43"|0|0|0||||||||0||25|27.5|30|||||||5.6|6.5|7.3||||||||||3.9|6.6|9.6|||||||||||||||||||||"11727265"|"33367822"
"C"||"H"||2||20|||64|||44||0|0|0|0|0|0|100|100|100|100|100|100|95|97.5|100|85|92.5|100||9.5|||0|||0|||0.2|||2.6|||6.7|||68||||||||18|22.5|27||||1|2|3||||1.25|1.28|1.3|||||1.46|||1|9|10|0.21|0.22|0.23||||26.1|28.9|31.3|10.4|13.8|17.2|47|48|49|3|4.5|5.9|25|37.5|50|8|14|20|4|13|24|".49"|".49"|0|0|0||||||||0||25|27.5|30|||||||5.6|6.5|7.3||||||||||3.9|6.6|9.6|||||||||||||||||||||"11727265"|"33367823"
"2Ab"||"H"||3||64|||152|||88||0|0|0|0|0|0|100|100|100|100|100|100|95|97.5|100|85|92.5|100||6.7|||0|||0|||0.2|||1.9|||4.6|||61.3||||||||26|32|38||||3|4|5||||1.3|1.35|1.4|||||1.68|||1|3|10|0.18|0.19|0.2||||31.5|34|36.2|17.7|22|26.2|42|44|46|6|7.5|8.9|35|47.5|60|15|22.5|30|12|23|36|".32"|".32"|5|8|10||||||||0||25|27.5|30|||||||5.6|6.7|7.8||||||||||4.9|8.2|11.5|||||||||||||||||||||"11727265"|"33367824"
"H1"||"H"||1||0|||94|||||0|0|0|0|0|0|100|100|100|100|100|100|95|97.5|100|95|97.5|100||||||||||||||||||||||||||||35|37.5|40||||5|6|7||||1.3|1.33|1.35||||||||0.1|0.7|1|0.21|0.22|0.23||||35.3|36.5|37.6|24.3|26.7|29.1|43|44|45|6|7.5|8.9|45|55|65|20|27.5|35||||||0|0|0|0|0|0|0|0|0|0|0|0|36|38.5|41|||||||5.6|6.5|7.3||||||||||5.7|8.5|11.6|||||||||||||||||||||"11727266"|"33367825"
"H2"||"H"||2||94|||140|||||0|0|0|0|0|0|100|100|100|100|100|100|95|97.5|100|95|97.5|100||||||||||||||||||||||||||||36|40.5|45||||2|3|4||||1.3|1.38|1.45||||||||0|1|1|0.11|0.12|0.13||||33.9|35.7|37.4|21.7|25.2|28.7|41|44|47|6|7.5|8.9|60|72.5|85|35|45|55||||||0|0|0|0|0|0|0|0|0|0|0|0|36|38.5|41|||||||5.6|6.7|7.8||||||||||3.3|6.9|10.6|||||||||||||||||||||"11727266"|"33367826"
"H3"||"H"||3||140|||152|||||0|0|0|0|0|0|100|100|100|100|100|100|95|97.5|100|95|97.5|100||||||||||||||||||||||||||||20|32.5|45||||0|0.5|1||||1.3|1.38|1.45||||||||0|2|4|0.11|0.17|0.22||||26.7|32.1|36.1|11|18.5|26|43|45|48|6|7.5|8.9|35|57.5|80|10|30|50||||||0|0|0|0|0|0|0|0|0|0|0|0|30|33|36|||||||5.6|6.7|7.8||||||||||1.9|5.4|9|||||||||||||||||||||"11727266"|"33367827"
"H1"||"H"||1||0|||71|||||0|0|0|0|0|0|100|100|100|100|100|100|90|95|100|90|95|100||||||||||||||||||||||||||||27|31.5|36||||5|6|7||||1.28|1.3|1.32||||||||1|3|10|0.21|0.22|0.23||||32.8|34.7|36.4|19.8|23.2|26.5|44|45|46|3|4.5|5.9|40|50|60|15|22.5|30||||||0|0|0|0|0|0|0|0|0|0|0|0|36|38.5|41|||||||5.6|6.5|7.3||||||||||5.7|8.5|11.6|||||||||||||||||||||"11727267"|"33367828"
"H2"||"H"||2||71|||102|||||0|0|0|0|0|0|100|100|100|100|100|100|90|95|100|90|95|100||||||||||||||||||||||||||||30|32.5|35||||3|3.5|4||||1.25|1.3|1.35||||||||4|9|14|0.18|0.19|0.2||||32.4|33.4|34.4|19|20.9|22.7|44|46|48|3|4.5|5.9|40|47.5|55|20|25|30||||||0|0|0|0|0|0|0|0|0|0|0|0|36|38.5|41|||||||5.6|6.5|7.3||||||||||5|7.6|10.6|||||||||||||||||||||"11727267"|"33367829"
"H3"||"H"||3||102|||152|||||0|0|0|0|0|0|100|100|100|100|100|100|95|97.5|100|80|90|100||||||||||||||||||||||||||||25|30|35||||1|1.5|2||||1.35|1.4|1.45||||||||4|9|14|0.18|0.19|0.2||||29.9|32.1|34.1|15.3|18.6|22|42|44|46|3|4.5|5.9|40|47.5|55|15|22.5|30||||||0|0|0|0|0|0|0|0|0|0|0|0|30|33|36|||||||6.1|6.7|7.3||||||||||3.6|5.8|7.9|||||||||||||||||||||"11727267"|"33367830"
"Ap, A"||||||0|||33|||33||0|0|0|0|0|0|90|95|100|85|92.5|100|70|77.5|85|50|57.5|65||39.8|||3.5|||5|||6.9|||12.5|||11.9|||37.7||||||||18|22.5|27||||2|2.5|3||||1.45|1.48|1.5|||||1.55|||1|9|10|0.19|0.2|0.21||||26|29.5|32.9|12.2|16|19.9|36|38|41|0|1.5|2.9|25|32.5|40|10|15|20|1|5|11|".28"|".28"|0|0|0|0|0|0|0|0|0|0|0|0|20|25|30|||||||5.6|6.5|7.3||||||||||2.9|5.8|9|||||||||||||||||||||"11727167"|"33367487"
"Bw"||||||33|||76|||43||0|0|0|0|0|0|90|95|100|85|92.5|100|50|60|70|25|32.5|40||67.4|||4.4|||14.4|||17.9|||20|||10.7|||19.6||||||||8|13|18||||0|0.5|1||||1.5|1.53|1.55|||||1.6|||10|28|100|0.12|0.13|0.14||||13.2|17.9|22.1|4.7|8.7|13|35|38|41|0|1.5|2.9|15|20|25|5|7.5|10|0|0|0|".24"|".24"|0|0|0|0|0|0|0|0|0|0|0|0|10|12.5|15|||||||5.1|6.2|7.3||||||||||1|4.5|8|||||||||||||||||||||"11727167"|"33367488"
"C"||||||76|||152|||76||0|0|0|0|0|0|70|90|92.5|70|87.5|90|20|30|40|3|7.5|12||85.7|||1.2|||12.4|||27|||32.6|||12.5|||4.3||||||||2|10|18||||0|0.5|1||||1.6|1.68|1.75|||||1.76|||10|92|100|0.02|0.03|0.04|11.2|21.1|25.4|6.6|16.6|22.1|1.2|7.7|14.2|25|32|35|0|1.5|2.9|0|7|14|0|0|0|0|0|0|".10"|".10"|0|0|0|0|0|0|0|0|0|0|0|0|5|7.5|10|||||||5.6|6.5|7.3||||||||||0.5|3.1|6.1|||||||||||||||||||||"11727167"|"33367489"
"Ap"||"A"||||0|||18|||18||0|0|0|0|0|0|100|100|100|100|100|100|98|100|100|93|95|100|1|7.5|14||0.1|||0.2|||0.5|||2.2|||4.5|||58.5||||||||32|34|45||||5|6|7||||1.3|1.33|1.35||||1.45|1.52|1.58||1|3|10|0.21|0.22|0.23||||34.5|35.6|38.7|22.8|25|31.6|43|44|45|3|4.5|5.9|51|56|68|22|24|32|24|28|40|".28"|".28"|0|0|5|0|0|0|||||0||26.2|27.8|35.5|||||||5.6|6.7|7.8||||||||||3.2|6.8|11|||||||||||||||||||||"11727168"|"33367490"
"A1,A2"||"A"||||18|||51|||33||0|0|0|0|0|0|100|100|100|100|100|100|94|98|100|90|94|100|1|7.5|14||0.5|||0.8|||1.2|||2.4|||2.6|||56.5||||||||32|36|45||||5|6|7||||1.3|1.33|1.35||||1.45|1.52|1.58||0.1|0.7|1|0.21|0.22|0.23||||34.5|36.1|38.7|22.8|26|31.6|43|44|45|3|4.5|5.9|51|57|68|22|25|32|23|28|40|".32"|".32"|0|0|5|0|0|0|||||0||26.2|29.2|35.5|||||||5.6|6.7|7.8||||||||||3.2|6.9|11|||||||||||||||||||||"11727168"|"33367491"
"A3,A4"||"A"||||51|||97|||46||0|0|0|0|0|0|100|100|100|100|100|100|90|99|100|86|95|99|1|7.5|14||0.2|||0.4|||0.8|||2.4|||3.7|||51.5||||||||32|41|45||||3|4|5||||1.3|1.38|1.45||||1.64|1.71|1.78||0.01|0.04|0.1|0.11|0.12|0.13||||30|33.1|34.7|20.8|26.7|29.9|40|43|46|6|7.5|8.9|49|59|65|23|29|32|21|32|39|".32"|".32"|0|0|5|0|0|0|||||0||25.7|32.2|35.1|||||||5.6|6.7|7.8||||||||||2.5|6.6|10.3|||||||||||||||||||||"11727168"|"33367492"
"Bg,BCg"||"B"||||97|||155|||58||0|0|0|0|0|0|100|100|100|100|100|100|96|98|100|92|94|100|1|7.5|14||0.5|||0.8|||1.2|||2.4|||2.6|||54.5||||||||36|38|45||||2|3|4||||1.3|1.38|1.45||||1.64|1.71|1.78||0.1|0.7|1|0.18|0.19|0.2||||34.2|35.4|37.7|22.2|24.5|29.4|41|44|47|6|7.5|8.9|50|55|63|26|27|32|26|29|39|".32"|".32"|0|0|0|0|0|0|||||0||28.1|29.9|34.9|||||||5.6|6.2|7.3||||||||||3.8|7.3|9.9|||||||||||||||||||||"11727168"|"33367493"
"Cg"||"C"||||155|||203|||48||0|0|0|0|0|0|100|100|100|100|100|100|87|100|100|83|95|100|1|7.5|14||0.1|||0.2|||0.5|||2.2|||4.5|||60||||||||20|32.5|45||||0|0.5|1||||1.35|1.4|1.45||||1.53|1.6|1.66||1|3|10|0.18|0.19|0.2||||26.8|32.2|36.3|11.2|18.8|26.3|43|44|46|3|4.5|5.9|31|43|56|13|23|32|9|23|36|".43"|".43"|0|0|0|0|0|0|||||0||14.5|24.6|33.3|||||||5.6|6.2|7.3||||||||||1.5|5.9|8.7|||||||||||||||||||||"11727168"|"33367494"
"H1"||"H"||1||0|||127|||||0|0|0|0|0|0|100|100|100|100|100|100|100|100|100|95|97.5|100||||||||||||||||||||||||||||40|43|46||||4|5|6||||1.25|1.35|1.45||||||||0.01|0.04|0.1|0.12|0.13|0.14||||32.7|34.1|35.3|25.9|28.5|31.1|40|43|47|9|17|25|50|62.5|75|30|40|50||||||0|0|0|0|0|0|0|0|0|0|0|0|0|20.5|41|||||||5.1|6.2|7.3||||||||||1.3|7|12.6|||||||||||||||||||||"11727169"|"33367495"
"H2"||"H"||2||127|||152|||||0|0|0|0|0|0|100|100|100|100|100|100|100|100|100|95|97.5|100||||||||||||||||||||||||||||40|50|60||||1|1.5|2||||1.2|1.33|1.45||||||||0|0|0|0.08|0.1|0.12||||30.8|33.9|36.5|22.3|28.1|33.8|42|46|51|9|17|25|52|65|78|30|42.5|55||||||0|0|0|0|0|0|0|0|0|0|0|0|28|35|42|||||||5.1|6.5|7.8||||||||||2|6.6|11.4|||||||||||||||||||||"11727169"|"33367496"
"BCg, Cg"||"H"||4||117|||152|||35||0|0|0|0|0|0|100|100|100|100|100|100|95|97.5|100|80|90|100||6.9|||0.4|||0.6|||0.9|||2.2|||2.8|||63.1||||||||25|30|35||||1|1.5|2||||1.35|1.4|1.45|||||1.58|||1|3|10|0.18|0.19|0.2||||29.9|32.1|34.1|15.3|18.6|22|42|44|46|2.6|4.2|5.8|40|47.5|55|15|22.5|30|12|22|34|".43"|".43"|0|0|0||||||||0||30|33|36|||||||6.1|6.7|7.3||||||||||3.6|5.8|7.9|||||||||||||||||||||"11727142"|"33367405"
"Ap"||"H"||1||0|||20|||20||0|0|0|0|0|0|100|100|100|100|100|100|90|95|100|90|95|100||6.8|||0|||0|||0.2|||2|||4.6|||61.7||||||||27|31.5|36||||5|6|7||||1.28|1.3|1.32|||||1.48|||1|3|10|0.21|0.22|0.23||||32.8|34.7|36.4|19.8|23.2|26.5|44|45|46|3|4.5|5.9|40|50|60|15|22.5|30|14|25|36|".32"|".32"|0|0|0||||||||0||36|38.5|41|||||||5.6|6.5|7.3||||||||||5.7|8.5|11.6|||||||||||||||||||||"11727142"|"33367406"
"A"||"H"||2||20|||102|||82||0|0|0|0|0|0|100|100|100|100|100|100|90|95|100|90|95|100||6.7|||0|||0|||0.2|||1.9|||4.6|||60.8||||||||30|32.5|35||||3|3.5|4||||1.25|1.3|1.35|||||1.48|||1|3|10|0.18|0.19|0.2||||32.4|33.4|34.4|19|20.9|22.7|44|46|48|3|4.5|5.9|40|47.5|55|20|25|30|18|26|34|".37"|".37"|0|0|0||||||||0||36|38.5|41|||||||5.6|6.5|7.3||||||||||5|7.6|10.6|||||||||||||||||||||"11727142"|"33367407"
"Bg"||"H"||3||102|||117|||15||0|0|0|0|0|0|100|100|100|100|100|100|90|95|100|90|95|100||6.7|||0|||0|||0.2|||1.9|||4.6|||60.8||||||||30|32.5|35||||3|3.5|4||||1.25|1.3|1.35|||||1.48|||1|3|10|0.18|0.19|0.2||||32.4|33.4|34.4|19|20.9|22.7|44|46|48|3|4.5|5.9|40|47.5|55|20|25|30|18|26|34|".37"|".37"|0|0|0||||||||0||36|38.5|41|||||||5.6|6.5|7.3||||||||||5|7.6|10.6|||||||||||||||||||||"11727142"|"33367408"
"H1"||"H"||1||0|||61|||||0|0|0|0|0|0|100|100|100|90|95|100|85|90|95|60|70|80||||||||||||||||||||||||||||24|25.5|27||||3|3.5|4||||1.4|1.43|1.45||||||||4|9|14|0.19|0.2|0.21|||||||||||||3|4.5|5.9|30|35|40|11|15.5|20||||||0|0|0|0|0|0|0|0|0|0|0|0|20|22.5|25|||||||5.6|6.5|7.3|||||||||||||||||||||||||||||||||"11727143"|"33367409"
"H2"||"H"||2||61|||135|||||0|0|0|0|0|0|100|100|100|90|95|100|85|90|95|60|70|80||||||||||||||||||||||||||||24|27|30||||2|2.5|3||||1.4|1.43|1.45||||||||4|9|14|0.19|0.2|0.21|||||||||||||3|4.5|5.9|30|35|40|11|15.5|20||||||0|0|0|0|0|0|0|0|0|0|0|0|20|22.5|25|||||||5.6|6.5|7.3|||||||||||||||||||||||||||||||||"11727143"|"33367410"
"H3"||"H"||3||135|||152|||||0|0|0|0|0|0|100|100|100|90|95|100|85|90|95|60|70|80||||||||||||||||||||||||||||27|30.5|34||||1|1.5|2||||1.45|1.5|1.55||||||||4|9|14|0.15|0.16|0.17|||||||||||||3|4.5|5.9|35|40|45|15|20|25||||||0|0|0|0|0|0|0|0|0|0|0|0|20|22.5|25|||||||5.1|5.8|6.5|||||||||||||||||||||||||||||||||"11727143"|"33367411"
"H1"||"H"||1||0|||61|||||0|0|0|0|0|0|100|100|100|90|95|100|85|90|95|60|70|80||||||||||||||||||||||||||||24|25.5|27||||3|3.5|4||||1.4|1.43|1.45||||||||4|9|14|0.19|0.2|0.21|||||||||||||3|4.5|5.9|30|35|40|11|15.5|20||||||0|0|0|0|0|0|0|0|0|0|0|0|20|22.5|25|||||||5.6|6.5|7.3|||||||||||||||||||||||||||||||||"11727144"|"33367412"
"H2"||"H"||2||61|||135|||||0|0|0|0|0|0|100|100|100|90|95|100|85|90|95|60|70|80||||||||||||||||||||||||||||24|27|30||||2|2.5|3||||1.4|1.43|1.45||||||||4|9|14|0.19|0.2|0.21|||||||||||||3|4.5|5.9|30|35|40|11|15.5|20||||||0|0|0|0|0|0|0|0|0|0|0|0|20|22.5|25|||||||5.6|6.5|7.3|||||||||||||||||||||||||||||||||"11727144"|"33367413"
"H3"||"H"||3||135|||152|||||0|0|0|0|0|0|100|100|100|90|95|100|85|90|95|60|70|80||||||||||||||||||||||||||||27|30.5|34||||1|1.5|2||||1.45|1.5|1.55||||||||4|9|14|0.15|0.16|0.17|||||||||||||3|4.5|5.9|35|40|45|15|20|25||||||0|0|0|0|0|0|0|0|0|0|0|0|20|22.5|25|||||||5.1|5.8|6.5|||||||||||||||||||||||||||||||||"11727144"|"33367414"
"BCg, Cg"||"H"||4||117|||152|||35||0|0|0|0|0|0|100|100|100|100|100|100|95|97.5|100|80|90|100||6.9|||0.4|||0.6|||0.9|||2.2|||2.8|||63.1||||||||25|30|35||||1|1.5|2||||1.35|1.4|1.45|||||1.58|||1|3|10|0.18|0.19|0.2||||29.9|32.1|34.1|15.3|18.6|22|42|44|46|2.6|4.2|5.8|40|47.5|55|15|22.5|30|12|22|34|".43"|".43"|0|0|0||||||||||30|33|36|||||||6.1|6.7|7.3||||||||||3.6|5.8|7.9|||||||||||||||||||||"11727145"|"33367415"
"Ap"||"H"||1||0|||20|||20||0|0|0|0|0|0|100|100|100|100|100|100|90|95|100|90|95|100||6.8|||0|||0|||0.2|||2|||4.6|||61.7||||||||27|31.5|36||||5|6|7||||1.28|1.3|1.32|||||1.48|||1|3|10|0.21|0.22|0.23||||32.8|34.7|36.4|19.8|23.2|26.5|44|45|46|3|4.5|5.9|40|50|60|15|22.5|30|14|25|36|".32"|".32"|0|0|0||||||||||36|38.5|41|||||||5.6|6.5|7.3||||||||||5.7|8.5|11.6|||||||||||||||||||||"11727145"|"33367416"
"A"||"H"||2||20|||102|||82||0|0|0|0|0|0|100|100|100|100|100|100|90|95|100|90|95|100||6.7|||0|||0|||0.2|||1.9|||4.6|||60.8||||||||30|32.5|35||||3|3.5|4||||1.25|1.3|1.35|||||1.48|||1|3|10|0.18|0.19|0.2||||32.4|33.4|34.4|19|20.9|22.7|44|46|48|3|4.5|5.9|40|47.5|55|20|25|30|18|26|34|".37"|".37"|0|0|0||||||||||36|38.5|41|||||||5.6|6.5|7.3||||||||||5|7.6|10.6|||||||||||||||||||||"11727145"|"33367417"
"Bg"||"H"||3||102|||117|||15||0|0|0|0|0|0|100|100|100|100|100|100|90|95|100|90|95|100||6.7|||0|||0|||0.2|||1.9|||4.6|||60.8||||||||30|32.5|35||||3|3.5|4||||1.25|1.3|1.35|||||1.48|||1|3|10|0.18|0.19|0.2||||32.4|33.4|34.4|19|20.9|22.7|44|46|48|3|4.5|5.9|40|47.5|55|20|25|30|18|26|34|".37"|".37"|0|0|0||||||||||36|38.5|41|||||||5.6|6.5|7.3||||||||||5|7.6|10.6|||||||||||||||||||||"11727145"|"33367418"
"2Ab"||"H"||3||64|||152|||88||0|0|0|0|0|0|100|100|100|100|100|100|95|97.5|100|85|92.5|100||6.7|||0|||0|||0.2|||1.9|||4.6|||61.3||||||||26|32|38||||3|4|5||||1.3|1.35|1.4|||||1.68|||1|3|10|0.18|0.19|0.2||||31.5|34|36.2|17.7|22|26.2|42|44|46|6|7.5|8.9|35|47.5|60|15|22.5|30|12|23|36|".32"|".32"|5|8|10||||||||0||25|27.5|30|||||||5.6|6.7|7.8||||||||||4.9|8.2|11.5|||||||||||||||||||||"11727146"|"33367419"
"Ap"||"H"||1||0|||20|||20||0|0|0|0|0|0|100|100|100|100|100|100|95|97.5|100|85|92.5|100||9.5|||0|||0|||0.2|||2.6|||6.7|||68||||||||18|22.5|27||||1|2|3||||1.25|1.28|1.3|||||1.46|||1|9|10|0.21|0.22|0.23||||26.1|28.9|31.3|10.4|13.8|17.2|47|48|49|3|4.5|5.9|25|37.5|50|8|14|20|4|13|24|".43"|".43"|0|0|0||||||||0||25|27.5|30|||||||5.6|6.5|7.3||||||||||3.9|6.6|9.6|||||||||||||||||||||"11727146"|"33367420"
"C"||"H"||2||20|||64|||44||0|0|0|0|0|0|100|100|100|100|100|100|95|97.5|100|85|92.5|100||9.5|||0|||0|||0.2|||2.6|||6.7|||68||||||||18|22.5|27||||1|2|3||||1.25|1.28|1.3|||||1.46|||1|9|10|0.21|0.22|0.23||||26.1|28.9|31.3|10.4|13.8|17.2|47|48|49|3|4.5|5.9|25|37.5|50|8|14|20|4|13|24|".49"|".49"|0|0|0||||||||0||25|27.5|30|||||||5.6|6.5|7.3||||||||||3.9|6.6|9.6|||||||||||||||||||||"11727146"|"33367421"
"Ap"||"H"||1||0|||20|||20||0|0|0|0|0|0|100|100|100|100|100|100|95|97.5|100|85|92.5|100|1|4|10||0|||0.1|||0.3|||1.2|||2.4||72|82|85|||||||10|14|18||||1.5|2|2.5||||1.3|1.45|1.6|||||1.52|||1|9|10|0.2|0.22|0.24|||||25.9|||10.2|||42||0|1.5|2.9|25|30|35|0|5|10|0|4|11|".55"|".55"|0|3|5|0|0|0|0|0|0|0|0|0|8|11.5|15|||||||6.1|7|7.8|||||||||||||||||||||||||||||||||"11727278"|"33367862"
"Bw"||"H"||2||20|||46|||26||0|0|0|0|0|0|100|100|100|100|100|100|95|97.5|100|85|92.5|100|1|4|10||0|||0.1|||0.3|||1.2|||2.4||72|82|85|||||||10|14|18||||0.2|0.35|0.5||||1.3|1.45|1.6|||||1.52|||1|9|10|0.2|0.21|0.22|||||24.4|||8.6|||42||0|1.5|2.9|25|30|35|0|5|10|0|4|11|".64"|".64"|0|3|5|0|0|0|0|0|0|0|0|0|8|11.5|15|||||||6.1|7|7.8|||||||||||||||||||||||||||||||||"11727278"|"33367863"
"C"||"H"||3||46|||152|||106||0|0|0|0|0|0|100|100|100|100|100|100|95|97.5|100|85|92.5|100|1|4|10||0|||0.1|||0.3|||1.2|||2.4||72|82|89|||||||10|14|18||||0.2|0.35|0.5||||1.4|1.5|1.6|||||1.57|||1|9|10|0.18|0.19|0.2|||||24.7|||8.9|||41||0|1.5|2.9|25|30|35|0|5|10|0|4|11|".64"|".64"|5|20|35|0|0|0|0|0|0|0|0|0|6|9|12|||||||7.4|7.9|8.4|||||||||||||||||||||||||||||||||"11727278"|"33367864"
"H1"||"H"||1||0|||18|||18||0|0|0|0|0|0|100|100|100|100|100|100|100|100|100|95|97.5|100||9.5|||0|||0|||0.2|||2.6|||6.7|||68||||||||18|22.5|27||||2|2.5|3||||1.1|1.15|1.2|||||1.2|||1|9|10|0.22|0.23|0.24||||26.2|28.3|30.1|10.4|13|15.5|50|52|54|0|1.5|2.9|25|32.5|40|7|12.5|18|5|12|19|".43"|".43"|0|0|0|0|0|0|0|0|0|0|0|0|25|27.5|30|||||||5.6|6.5|7.3||||||||||3.4|6.1|9|||||||||||||||||||||"11727279"|"33367865"
"H2"||"H"||2||18|||152|||134||0|0|0|0|0|0|100|100|100|100|100|100|100|100|100|95|97.5|100||9.5|||0|||0|||0.2|||2.6|||6.7|||68||||||||18|22.5|27||||0|0.25|0.5||||1.15|1.23|1.3|||||1.29|||1|9|10|0.2|0.21|0.22||||24.7|27|28.9|8.9|11.3|13.8|48|51|54|0|1.5|2.9|25|32.5|40|7|12.5|18|5|12|19|".49"|".49"|0|0|0|0|0|0|0|0|0|0|0|0|25|27|30|||||||5.6|6.5|7.3||||||||||2.7|5.2|8.1|||||||||||||||||||||"11727279"|"33367866"
"H1"||"H"||1||0|||23|||23||0|0|0|0|0|0|95|97.5|100|90|95|100|85|90|95|50|57.5|65||39.8|||3.5|||5|||6.9|||12.5|||11.9|||37.7||||||||18|22.5|27||||2|2.5|3||||1.2|1.3|1.4|||||1.36|||1|9|10|0.16|0.17|0.18||||25.9|28.8|31.4|11.2|14.3|17.5|41|46|51|0|1.5|2.9|25|30|35|10|12.5|15|1|4|7|".32"|".32"|0|0|0|0|0|0|0|0|0|0|0|0|15|17.5|20|||||||4.5|5.9|7.3||||||||||2.5|7.5|12.4|||||||||||||||||||||"11727170"|"33367497"
"H2"||"H"||2||23|||109|||86||0|0|0|0|0|0|95|97.5|100|90|95|100|85|90|95|55|65|75||33.5|||3|||4.2|||5.8|||10.5|||10|||36.5||||||||25|30|35||||0.1|0.55|1||||1.4|1.5|1.6|||||1.72|||1|3|10|0.14|0.16|0.18||||28.6|31.8|34.8|14.9|19.1|23.3|35|40|44|3|4.5|5.9|30|37.5|45|12|16|20|3|8|15|".32"|".32"|0|0|0|0|0|0|0|0|0|0|0|0|15|17.5|20|||||||4.5|5.5|6.5||||||||||3.7|7.4|11.1|||||||||||||||||||||"11727170"|"33367498"
"H3"||"H"||3||109|||152|||43||0|0|0|0|0|0|95|97.5|100|90|95|100|85|90|95|50|60|70||34.4|||3.1|||4.3|||5.9|||10.8|||10.3|||37.6||||||||18|28|32||||0.1|0.3|0.5||||1.45|1.55|1.65|||||1.78|||1|3|10|0.12|0.14|0.16||||25.7|31.2|33.8|11.1|18.1|21.5|33|38|43|3|4.5|5.9|25|30|35|10|12.5|15|1|4|8|".37"|".37"|0|0|0|0|0|0|0|0|0|0|0|0|10|13|16|||||||6.1|7|7.8||||||||||0|1.9|5.3|||||||||||||||||||||"11727170"|"33367499"
"H1"||"H"||1||0|||13|||||0|0|0|0|3|5|90|95|100|80|90|100|75|82.5|90|60|70|80||||||||||||||||||||||||||||27|33.5|40||||1.5|2|2.5||||1.45|1.48|1.5||||||||1|3|4|0.17|0.18|0.19|||||||||||||3|4.5|5.9|35|42.5|50|15|20|25||||||||||||||||||25|27.5|30|||||||4.5|5.9|7.3|||||||||||||||||||||||||||||||||"11727171"|"33367500"
"H2"||"H"||2||13|||61|||||0|0|0|0|3|5|90|95|100|80|90|100|70|80|90|55|67.5|80||||||||||||||||||||||||||||35|47.5|60||||0|0.25|0.5||||1.55|1.58|1.6||||||||0|1|1|0.11|0.13|0.15|||||||||||||6|7.5|8.9|40|55|70|20|30|40|||||||||||||||||||||30|40|50||||4.5|5.3|6|||||||||||||||||||||||||||||||||"11727171"|"33367501"
"H3"||"H"||3||61|||152|||||0|0|0|0|3|5|90|95|100|80|90|100|70|80|90|55|67.5|80||||||||||||||||||||||||||||30|35|40||||0|0.25|0.5||||1.6|1.68|1.75||||||||1|3|4|0.12|0.14|0.16|||||||||||||3|4.5|5.9|30|35|40|15|20|25||||||0|8|15||||||||||30|33|36|||||||4.5|6.2|7.8|||||||||||||||||||||||||||||||||"11727171"|"33367502"
"Ap"||"A"||||0|||23|||23||0|0|0|0|0|0|100|100|100|100|100|100|95|99|100|92|96|100|1|5.5|10||0.3|||0.5|||0.7|||1.7|||2.3|||66.5||||||||24|28|32||||3|3.5|4||||1.3|1.33|1.35||||1.45|1.52|1.58||1|3|10|0.21|0.22|0.23||||30.7|32.4|33.9|16.4|19|21.7|44|45|46|3|4.5|5.9|40|46|51|16|19|22|16|21|26|".37"|".37"|0|0|0|0|0|0|||||0||20.4|23.6|26.8|||||||5.6|6.5|7.3||||||||||3.2|6|9|||||||||||||||||||||"11727151"|"33367434"
"A1,AB"||"A"||||23|||71|||48||0|0|0|0|0|0|100|100|100|100|100|100|97|99|100|93|96|98|1|5.5|10||0.3|||0.5|||0.7|||1.7|||2.3|||65||||||||27|29.5|32||||3|3.5|4||||1.3|1.33|1.35||||1.45|1.52|1.58||1|3|10|0.21|0.22|0.23||||31.7|32.8|33.9|17.9|19.8|21.7|44|45|46|3|4.5|5.9|43|47|51|18|20|22|18|22|26|".37"|".37"|0|0|0|0|0|0|||||0||22.7|24.7|26.8|||||||5.6|6.5|7.3||||||||||3.5|6.1|9|||||||||||||||||||||"11727151"|"33367435"
"Bt"||"B"||||71|||89|||18||0|0|0|0|0|0|100|100|100|100|100|100|97|100|100|94|97|99|1|5.5|10||0|||0|||0.2|||1.6|||3.7|||62||||||||30|32.5|35||||1|2|3||||1.35|1.4|1.45||||1.53|1.6|1.66||1|3|10|0.21|0.22|0.23||||31.7|33.3|34.7|18|20.6|23.2|42|43|45|3|4.5|5.9|41|46|51|21|23|25|20|24|28|".37"|".37"|0|0|0|0|0|0|||||0||23.9|26.4|28.7|||||||5.6|6.5|7.3||||||||||2.9|5.8|8.8|||||||||||||||||||||"11727151"|"33367436"
"BC,C"||"C"||||89|||152|||63||0|0|0|0|0|0|100|100|100|100|100|100|96|99|100|92|96|99|1|5.5|10||0.3|||0.5|||0.7|||1.7|||2.3|||66||||||||25|28.5|32||||0|0.5|1||||1.35|1.4|1.45||||1.53|1.6|1.66||1|3|10|0.21|0.22|0.23||||29|30.8|32.4|14|16.6|19.1|43|44|46|3|4.5|5.9|35|40|45|17|20|23|15|20|25|".49"|".49"|0|5|10|0|0|0|||||0||17.3|22.2|25.3|||||||6.1|7|7.8||||||||||0.5|3.4|6.4|||||||||||||||||||||"11727151"|"33367437"
"H1"||"H"||1||0|||61|||||0|0|0|0|0|0|100|100|100|100|100|100|95|97.5|100|95|97.5|100||||||||||||||||||||||||||||27|28.5|30||||5|5.5|6||||1.3|1.33|1.35||||||||4|9|14|0.21|0.22|0.23|||||||||||||3|4.5|5.9|30|42.5|55|10|17.5|25||||||0|0|0|0|0|0|0|0|0|0|0|0|30|33|36|||||||5.6|6.5|7.3|||||||||||||||||||||||||||||||||"11727152"|"33367438"
"H2"||"H"||2||61|||137|||||0|0|0|0|0|0|100|100|100|100|100|100|95|97.5|100|95|97.5|100||||||||||||||||||||||||||||28|31.5|35||||1|2|3||||1.3|1.35|1.4||||||||4|9|14|0.18|0.19|0.2|||||||||||||3|4.5|5.9|35|42.5|50|10|17.5|25||||||0|0|0|0|0|0|0|0|0|0|0|0|30|33|36|||||||6.1|6.7|7.3|||||||||||||||||||||||||||||||||"11727152"|"33367439"
"H3"||"H"||3||137|||152|||||0|0|0|0|0|0|100|100|100|100|100|100|90|95|100|85|92.5|100||||||||||||||||||||||||||||20|25|30||||0.5|0.75|1||||1.4|1.43|1.45||||||||4|9|14|0.18|0.19|0.2|||||||||||||3|4.5|5.9|25|32.5|40|10|15|20||||||0|13|25|0|0|0|0|0|0|0|0|0|25|27.5|30|||||||6.6|7.5|8.4|||||||||||||||||||||||||||||||||"11727152"|"33367440"
"H3"||"H"||3||102|||152|||||0|0|0|0|0|0|100|100|100|100|100|100|95|97.5|100|80|90|100||||||||||||||||||||||||||||25|30|35||||1|1.5|2||||1.35|1.4|1.45||||||||4|9|14|0.18|0.19|0.2||||29.9|32.1|34.1|15.3|18.6|22|42|44|46|3|4.5|5.9|40|47.5|55|15|22.5|30||||||0|0|0|0|0|0|0|0|0|0|0|0|30|33|36|||||||6.1|6.7|7.3||||||||||3.6|5.8|7.9|||||||||||||||||||||"11727153"|"33367441"
"H2"||"H"||2||71|||102|||||0|0|0|0|0|0|100|100|100|100|100|100|90|95|100|90|95|100||||||||||||||||||||||||||||30|32.5|35||||3|3.5|4||||1.25|1.3|1.35||||||||4|9|14|0.18|0.19|0.2||||32.4|33.4|34.4|19|20.9|22.7|44|46|48|3|4.5|5.9|40|47.5|55|20|25|30||||||0|0|0|0|0|0|0|0|0|0|0|0|36|38.5|41|||||||5.6|6.5|7.3||||||||||5|7.6|10.6|||||||||||||||||||||"11727153"|"33367442"
"H1"||"H"||1||0|||71|||||0|0|0|0|0|0|100|100|100|100|100|100|90|95|100|90|95|100||||||||||||||||||||||||||||27|31.5|36||||5|6|7||||1.28|1.3|1.32||||||||1|3|10|0.21|0.22|0.23||||32.8|34.7|36.4|19.8|23.2|26.5|44|45|46|3|4.5|5.9|40|50|60|15|22.5|30||||||0|0|0|0|0|0|0|0|0|0|0|0|36|38.5|41|||||||5.6|6.5|7.3||||||||||5.7|8.5|11.6|||||||||||||||||||||"11727153"|"33367443"
